ENVI ASCII Plot File [Sat Jul 25 11:55:30 2020]
Column 1: X Axis
Column 2: 177 [Red] 30 points~~2
Column 3: dark [Green] 20 points~~3
Column 4: 306 [Blue] 28 points~~4
Column 5: mars [Yellow] 25 points~~5
   346.299591   0.000000   0.000000   0.000000   0.000000
   351.308258   0.000000   0.000000   0.000000   0.000000
   356.316925   0.000000   0.000000   0.000000   0.000000
   361.325592   0.000000   0.000000   0.000000   0.000000
   366.334259   0.000000   0.000000   0.000000   0.000000
   371.342926   0.000000   0.000000   0.000000   0.000000
   376.351593   1.217591   0.976609   1.248750   1.180508
   381.360260   1.622716   1.233028   1.608083   1.519387
   386.368927   1.885918   1.395052   1.952882   1.750702
   391.377594   2.328888   1.655003   2.539104   2.126176
   396.386292   2.648042   1.836762   3.223135   2.402761
   401.394958   3.874618   2.616741   5.344624   3.433343
   406.403625   4.262025   2.838543   6.525687   3.765766
   411.412292   4.639511   3.053064   7.696725   4.077914
   416.420959   4.941197   3.202763   8.626488   4.339511
   421.429626   5.043841   3.227862   9.057693   4.451508
   426.438293   5.004559   3.168454   9.114887   4.450326
   431.446960   4.919862   3.090883   9.063684   4.442793
   436.455627   5.590615   3.457414  10.462441   5.064106
   441.464294   6.047829   3.675174  11.397700   5.507480
   446.472992   6.529639   3.897914  12.444980   5.988353
   451.481659   6.950635   4.106589  13.381536   6.411427
   456.490326   7.089322   4.139945  13.694504   6.561521
   461.498993   7.280434   4.207866  14.177451   6.782740
   466.507660   7.262142   4.176325  14.196970   6.800664
   471.516327   7.351864   4.179965  14.434787   6.895004
   476.524994   7.555522   4.255684  14.959886   7.113828
   481.533661   7.706477   4.284661  15.337649   7.265489
   486.542328   7.320768   4.054808  14.535014   6.953124
   491.550995   7.580617   4.157266  15.162694   7.259476
   496.559692   7.786448   4.197553  15.609597   7.478187
   501.568359   7.660083   4.112603  15.457959   7.443942
   506.577026   7.825736   4.160490  15.847210   7.687220
   511.585693   7.877239   4.144037  16.010195   7.800971
   516.594360   7.540698   3.948117  15.319065   7.556177
   521.603027   7.801936   4.039973  15.870196   7.892052
   526.611694   8.003941   4.088159  16.310274   8.171184
   531.620361   8.247745   4.184181  16.884356   8.502587
   536.629028   8.311847   4.182575  17.035587   8.672171
   541.637695   8.221948   4.122183  16.942496   8.692344
   546.646362   8.357671   4.141107  17.221440   8.989644
   551.655029   8.424172   4.149414  17.413512   9.220129
   556.663696   8.377975   4.096795  17.367332   9.343288
   561.672363   8.307891   4.033387  17.276939   9.445315
   566.681030   8.324052   4.010884  17.278225   9.639891
   571.689758   8.300986   3.975303  17.236883   9.783129
   576.698425   8.372884   3.972453  17.341593  10.051079
   581.707092   8.461044   3.983076  17.619808  10.365343
   586.715759   8.328505   3.905480  17.341004  10.357593
   591.724426   8.069678   3.785401  16.817921  10.238929
   596.733093   8.228590   3.829335  17.188363  10.592684
   601.741760   8.278125   3.836028  17.322961  10.821937
   606.750427   8.346171   3.850491  17.495381  11.002987
   611.759094   8.211906   3.791577  17.253529  10.950159
   616.767761   8.106543   3.726230  17.033307  10.889402
   621.776428   8.139259   3.728905  17.122312  11.021557
   626.785095   7.957463   3.627594  16.756085  10.878325
   631.793762   7.928825   3.608748  16.667581  10.875201
   636.802429   8.033456   3.636272  16.926804  11.059331
   641.811096   7.943967   3.583399  16.779905  10.992433
   646.819763   7.813739   3.538426  16.531959  10.882700
   651.828430   7.735392   3.492325  16.323695  10.800215
   656.837097   7.447849   3.352277  15.766368  10.487528
   661.845764   7.833661   3.512907  16.609453  11.088417
   666.854431   7.895581   3.516241  16.758863  11.202059
   671.863098   7.556603   3.343865  16.062343  10.759733
   676.871826   7.769368   3.337112  16.593649  11.099576
   681.880493   7.612696   3.256368  16.323188  10.947444
   686.889160   6.803452   2.924378  14.559706   9.827768
   691.897827   6.692218   2.883453  14.399794   9.761281
   696.906494   7.002153   2.999248  15.025602  10.219082
   701.915161   6.964704   3.001520  14.966087  10.238115
   706.923828   7.132585   3.074120  15.290510  10.513774
   711.932495   7.131719   3.061124  15.253255  10.557087
   716.941162   6.244999   2.690517  13.310516   9.239009
   721.949829   5.828471   2.552874  12.396239   8.743551
   726.958496   5.836468   2.548185  12.362676   8.782780
   731.967163   6.229535   2.713120  13.207852   9.402950
   736.975830   6.732016   2.898786  14.276205  10.167297
   741.984497   6.886066   2.958813  14.596515  10.433743
   746.993164   6.993836   3.005769  14.830392  10.619437
   752.001831   6.962532   2.972711  14.718043  10.577964
   757.010498   6.279125   2.691799  13.250259   9.563668
   762.019165   3.666610   1.639848   7.634243   5.610115
   767.027832   5.246301   2.278383  11.072620   8.110208
   772.036499   6.602572   2.811006  13.904035  10.129560
   777.045227   6.705892   2.843964  14.156680  10.315293
   782.053894   6.669998   2.817981  14.068323  10.265289
   787.062561   6.533314   2.763115  13.777348  10.059422
   792.071228   6.312903   2.667628  13.299771   9.721785
   797.079895   6.278110   2.639908  13.186406   9.659008
   802.088562   6.191016   2.605563  13.024018   9.550721
   807.097229   6.141738   2.588654  12.899872   9.465550
   812.105896   5.629818   2.381241  11.787381   8.674427
   817.114563   4.847433   2.070124  10.168135   7.512905
   822.123230   4.970776   2.105271  10.402111   7.660414
   827.131897   5.178577   2.181349  10.862228   8.007281
   832.140564   5.262214   2.200641  11.012764   8.102893
   837.149231   5.607714   2.337663  11.769945   8.624758
   842.157898   5.778418   2.407166  12.152966   8.901794
   847.166565   5.777039   2.390380  12.100459   8.862708
   852.175232   5.513248   2.278563  11.530426   8.425529
   857.183899   5.542627   2.298483  11.631968   8.504003
   862.192566   5.625823   2.324708  11.845400   8.651179
   867.201233   5.403088   2.231125  11.354856   8.286163
   872.209900   5.526944   2.269682  11.591660   8.476218
   877.218628   5.491915   2.254521  11.489522   8.401966
   882.227295   5.426553   2.230092  11.371761   8.306791
   887.235962   5.349190   2.201660  11.227555   8.213083
   892.244629   5.058856   2.076418  10.626025   7.774199
   897.253296   4.115040   1.706312   8.577188   6.324531
   902.261963   3.945572   1.645452   8.247710   6.105111
   907.270630   3.974913   1.648888   8.297095   6.134790
   912.279297   3.644889   1.519566   7.610245   5.650078
   917.287964   3.702555   1.538811   7.730697   5.748676
   922.296631   4.025159   1.657798   8.407357   6.207662
   927.305298   3.431830   1.424429   7.122029   5.292586
   932.313965   1.725705   0.780244   3.552742   2.696620
   937.322632   1.409996   0.654089   2.840149   2.222555
   942.331299   1.792914   0.796883   3.663111   2.806392
   947.339966   1.684896   0.749229   3.423569   2.646010
   952.348633   1.822582   0.805399   3.744686   2.879505
   957.357300   2.032181   0.880190   4.174783   3.200674
   962.365967   2.418600   1.023911   5.008007   3.820094
   967.374634   3.140735   1.294334   6.549243   4.951434
   972.383301   3.570663   1.444672   7.420838   5.611930
   977.391968   3.490307   1.421928   7.287461   5.519230
   982.400696   3.876995   1.562299   8.113717   6.154033
   987.409363   4.212743   1.674730   8.781342   6.660502
   992.418030   4.311097   1.716034   9.004845   6.844771
   997.426697   4.333538   1.717764   9.014046   6.872209
  1002.435364   4.239310   1.684376   8.843759   6.741044
  1007.444031   4.178248   1.657428   8.716571   6.660902
  1012.452698   4.205627   1.666019   8.786594   6.720948
  1017.461365   4.180418   1.650753   8.721589   6.699021
  1022.470032   4.133731   1.633742   8.616199   6.638143
  1027.478638   4.102113   1.618207   8.547433   6.604879
  1032.487427   4.050846   1.601220   8.429797   6.534744
  1037.496094   4.011632   1.574300   8.349816   6.462205
  1042.504761   3.961310   1.561452   8.285524   6.427060
  1047.513428   3.921093   1.536844   8.163618   6.332729
  1052.522095   3.878582   1.523210   8.085139   6.309948
  1057.530762   3.804012   1.490550   7.921859   6.193207
  1062.539429   3.734653   1.464805   7.768398   6.080003
  1067.548096   3.639100   1.426138   7.594113   5.956273
  1072.556763   3.608031   1.415757   7.527745   5.907721
  1077.565430   3.560764   1.394959   7.440945   5.869394
  1082.574097   3.454382   1.354890   7.207755   5.692989
  1087.582764   3.366272   1.316812   7.033874   5.552033
  1092.591431   3.222128   1.260051   6.732277   5.319832
  1097.600098   2.966749   1.165524   6.185559   4.917459
  1102.608765   2.687613   1.065787   5.611874   4.480129
  1107.617432   2.403180   0.961150   5.029556   4.023032
  1112.626099   1.786843   0.730030   3.707452   2.989709
  1117.634766   0.922730   0.410467   1.872713   1.545263
  1122.643433   0.599051   0.290480   1.184394   1.006742
  1127.652100   0.593737   0.288375   1.178480   1.010210
  1132.660767   0.749617   0.341771   1.507992   1.268827
  1137.669434   0.998496   0.431293   2.037852   1.701369
  1142.678101   1.040232   0.446240   2.127664   1.770648
  1147.686768   0.812209   0.362954   1.652412   1.396053
  1152.695435   1.077163   0.455697   2.201544   1.839030
  1157.704102   1.520066   0.613810   3.135107   2.611041
  1162.712769   1.984252   0.776974   4.131834   3.387476
  1167.721436   2.255141   0.872660   4.684508   3.854494
  1172.730103   2.391669   0.923417   4.980400   4.103575
  1177.738770   2.417913   0.929054   5.004342   4.143562
  1182.747437   2.333367   0.892684   4.796507   3.993080
  1187.756104   2.361496   0.906532   4.873601   4.060863
  1192.764771   2.526238   0.966036   5.197273   4.357828
  1197.773438   2.439865   0.932414   5.029759   4.203635
  1202.782104   2.368796   0.903332   4.879419   4.085355
  1207.790771   2.450200   0.930303   5.043670   4.229852
  1212.799438   2.475373   0.936654   5.117221   4.290270
  1217.808228   2.595525   0.978283   5.368167   4.478797
  1222.816895   2.617187   0.985180   5.418794   4.521860
  1227.825562   2.652157   0.996106   5.486270   4.590290
  1232.834229   2.711650   1.016964   5.616421   4.690015
  1237.842896   2.719583   1.016808   5.626561   4.724721
  1242.851562   2.692585   1.007596   5.566212   4.669790
  1247.860229   2.672167   0.999115   5.525731   4.630255
  1252.868896   2.612706   0.972047   5.397267   4.541087
  1257.877563   2.490527   0.927873   5.137625   4.328447
  1262.886230   2.275607   0.851291   4.682108   3.955096
  1267.894897   2.108788   0.790249   4.350222   3.687679
  1272.903564   2.296922   0.853289   4.720869   4.007834
  1277.912231   2.406199   0.894477   4.948475   4.194208
  1282.920898   2.396259   0.890439   4.917878   4.188328
  1287.929565   2.448680   0.907017   5.029606   4.285558
  1292.938232   2.396492   0.887285   4.903023   4.196796
  1297.946899   2.286747   0.849073   4.658211   4.001551
  1302.955566   2.099442   0.777318   4.308619   3.698169
  1307.964233   1.978149   0.714589   4.061268   3.481272
  1312.972900   1.799327   0.647239   3.692943   3.173850
  1317.981567   1.688239   0.606953   3.468908   2.991855
  1322.990234   1.578792   0.567165   3.230255   2.795335
  1327.998901   1.297335   0.471142   2.667628   2.308757
  1333.007568   0.970109   0.356500   1.988005   1.736843
  1338.016235   1.027014   0.372895   2.099880   1.832880
  1343.024902   0.740112   0.271971   1.513879   1.315684
  1348.033569   0.218190   0.090232   0.436668   0.391893
  1353.042236   0.017964   0.020000   0.022787   0.026416
  1358.050903  -0.004455   0.011381  -0.020300  -0.011408
  1363.059570  -0.001048   0.012200  -0.015364  -0.007314
  1368.068237   0.001818   0.013607  -0.007906  -0.001745
  1373.076904   0.005544   0.014444  -0.000215   0.004660
  1378.085571   0.008516   0.015499   0.006107   0.009615
  1383.094238   0.008820   0.014547   0.008096   0.010980
  1388.102905   0.011181   0.015517   0.012369   0.014703
  1393.111572   0.011457   0.016251   0.014313   0.016845
  1398.120239   0.014539   0.016473   0.018294   0.020431
  1403.128906   0.015803   0.017433   0.021838   0.023431
  1408.137573   0.015701   0.017933   0.021503   0.023824
  1413.146240   0.036748   0.025484   0.063303   0.062458
  1418.154907   0.043964   0.028602   0.075452   0.075934
  1423.163696   0.080484   0.041685   0.145035   0.140971
  1428.172363   0.130470   0.058555   0.242229   0.232467
  1433.181030   0.132659   0.058823   0.241029   0.236344
  1438.189697   0.128600   0.058244   0.233906   0.231833
  1443.198364   0.162622   0.069925   0.293733   0.292180
  1448.207031   0.255707   0.100295   0.460410   0.458591
  1453.215698   0.367105   0.139241   0.668725   0.667934
  1458.224365   0.554971   0.200903   1.022934   1.001442
  1463.233032   0.492348   0.179683   0.909803   0.886110
  1468.241699   0.304885   0.117653   0.573053   0.547527
  1473.250366   0.361590   0.137105   0.688018   0.658485
  1478.259033   0.425804   0.157194   0.817454   0.771460
  1483.267700   0.543047   0.196346   1.045374   0.980597
  1488.276367   0.678326   0.239337   1.307230   1.218836
  1493.285034   0.978800   0.337506   1.895732   1.764819
  1498.293701   1.203544   0.411345   2.315555   2.155728
  1503.302368   1.213065   0.412823   2.327199   2.174034
  1508.311035   1.381429   0.469501   2.634119   2.470798
  1513.319702   1.487606   0.501184   2.811186   2.660232
  1518.328369   1.523168   0.513645   2.868645   2.723216
  1523.337036   1.623832   0.545805   3.068302   2.901941
  1528.345703   1.637286   0.551473   3.096548   2.921873
  1533.354370   1.678627   0.563008   3.168465   2.998530
  1538.363037   1.686356   0.565947   3.170586   3.007019
  1543.371704   1.693403   0.568844   3.166149   3.022612
  1548.380371   1.703428   0.569866   3.176029   3.037682
  1553.389038   1.683260   0.564340   3.147911   3.006534
  1558.397705   1.672697   0.558054   3.144409   2.983665
  1563.406372   1.648620   0.551378   3.105014   2.943035
  1568.415039   1.573324   0.526245   2.977591   2.810761
  1573.423706   1.474085   0.493134   2.786254   2.633738
  1578.432373   1.473456   0.490401   2.783940   2.631847
  1583.441040   1.540300   0.512947   2.907158   2.754986
  1588.449707   1.526254   0.509203   2.890135   2.738335
  1593.458374   1.550928   0.513816   2.931127   2.768325
  1598.467041   1.500922   0.500590   2.838408   2.685229
  1603.475708   1.442376   0.479228   2.730918   2.581431
  1608.484375   1.439472   0.476026   2.721929   2.575043
  1613.493042   1.469726   0.490301   2.781938   2.641467
  1618.501709   1.493272   0.494301   2.827191   2.680580
  1623.510498   1.516244   0.500550   2.843344   2.709675
  1628.519165   1.522635   0.504517   2.862917   2.737518
  1633.527832   1.491384   0.492258   2.792061   2.670687
  1638.536499   1.427207   0.471032   2.664135   2.558543
  1643.545166   1.411527   0.467130   2.631341   2.532331
  1648.553833   1.412967   0.464028   2.635176   2.534449
  1653.562500   1.403492   0.461726   2.605112   2.521204
  1658.571167   1.422822   0.468075   2.622466   2.561105
  1663.579834   1.382608   0.450777   2.511021   2.469077
  1668.588501   1.354860   0.444782   2.420029   2.442240
  1673.597168   1.360248   0.445896   2.416813   2.454588
  1678.605835   1.338159   0.436060   2.338792   2.409654
  1683.614502   1.327027   0.432984   2.303273   2.396094
  1688.623169   1.309557   0.427190   2.278283   2.362658
  1693.631836   1.295265   0.420782   2.231083   2.340177
  1698.640503   1.258481   0.410477   2.160767   2.280172
  1703.649170   1.254707   0.407083   2.161616   2.272543
  1708.657837   1.194468   0.388014   2.056754   2.165902
  1713.666504   1.188972   0.386643   2.058088   2.158530
  1718.675171   1.197938   0.386136   2.065610   2.174256
  1723.683838   1.086043   0.354003   1.876977   1.978428
  1728.692505   1.114431   0.360207   1.936464   2.023739
  1733.701172   1.033007   0.333405   1.785427   1.870178
  1738.709839   1.012144   0.328910   1.752615   1.844415
  1743.718506   0.992719   0.321719   1.723412   1.801078
  1748.727173   0.975999   0.313983   1.673569   1.773048
  1753.735840   0.976543   0.316195   1.685815   1.775896
  1758.744507   0.942752   0.303129   1.635040   1.711046
  1763.753174   0.855669   0.274883   1.475177   1.547594
  1768.761841   0.805010   0.261113   1.408272   1.465186
  1773.770508   0.708471   0.231313   1.250064   1.290019
  1778.779175   0.585670   0.191107   1.018311   1.069312
  1783.787842   0.503254   0.167409   0.884126   0.921273
  1788.796509   0.483017   0.159501   0.853063   0.885662
  1793.805176   0.276510   0.095054   0.477952   0.504621
  1798.813843   0.217120   0.076308   0.376246   0.397496
  1803.822510   0.079198   0.033333   0.135875   0.144291
  1808.831177   0.055816   0.025213   0.093436   0.101065
  1813.839844   0.022669   0.014521   0.035567   0.039636
  1818.848511   0.008707   0.009723   0.011908   0.013142
  1823.857178   0.009570   0.009668   0.013006   0.014625
  1828.865967   0.004195   0.008099   0.003925   0.004429
  1833.874634   0.003743   0.007323   0.003475   0.003877
  1838.883301   0.004373   0.007435   0.004804   0.005246
  1843.891968   0.005095   0.007439   0.006170   0.005888
  1848.900635   0.005203   0.007849   0.006293   0.006493
  1853.909302   0.005506   0.007689   0.007088   0.006680
  1858.917969   0.005354   0.007473   0.006963   0.007279
  1863.926636   0.005569   0.007213   0.007163   0.007729
  1868.935303   0.005423   0.007071   0.007248   0.007094
  1873.943970   0.005159   0.006495   0.007352   0.006913
  1878.952637   0.005322   0.006577   0.007599   0.007369
  1883.961304   0.005326   0.006847   0.007329   0.007656
  1888.969971   0.005937   0.007008   0.007939   0.008156
  1893.978638   0.006033   0.006754   0.007905   0.008083
  1898.987305   0.005472   0.006538   0.006930   0.007276
  1903.995972   0.004774   0.006187   0.006137   0.005918
  1909.004639   0.004226   0.006260   0.005803   0.005582
  1914.013306   0.004180   0.005969   0.005111   0.005311
  1919.021973   0.004856   0.006574   0.006205   0.006922
  1924.030640   0.006872   0.006941   0.009641   0.010084
  1929.039307   0.005337   0.006385   0.006855   0.007308
  1934.047974   0.010777   0.008104   0.016914   0.018201
  1939.056641   0.017396   0.010502   0.027200   0.029232
  1944.065308   0.040822   0.017273   0.065227   0.072089
  1949.073975   0.050132   0.020748   0.079906   0.088747
  1954.082642   0.050608   0.020989   0.081081   0.088750
  1959.091309   0.065119   0.025221   0.104408   0.114369
  1964.099976   0.138807   0.048691   0.230275   0.249822
  1969.108643   0.270545   0.088830   0.445239   0.483796
  1974.117310   0.334842   0.108271   0.544394   0.591050
  1979.125977   0.416001   0.133703   0.684687   0.740928
  1984.134644   0.495033   0.157864   0.812411   0.884860
  1989.143311   0.481863   0.150860   0.776349   0.846543
  1994.151978   0.461003   0.145676   0.752714   0.816026
  1999.160645   0.215544   0.072189   0.350970   0.386142
  2004.169312   0.085924   0.031554   0.136471   0.150685
  2009.177979   0.160386   0.053949   0.257956   0.284723
  2014.186768   0.138467   0.048089   0.224763   0.249006
  2019.195435   0.205743   0.068731   0.333572   0.370697
  2024.204102   0.386610   0.121231   0.614255   0.683962
  2029.212769   0.505564   0.159145   0.817384   0.910040
  2034.221436   0.597524   0.188367   0.961570   1.076021
  2039.230103   0.596910   0.184672   0.944389   1.054767
  2044.238770   0.573868   0.178205   0.912538   1.023802
  2049.247314   0.470194   0.148618   0.752925   0.849043
  2054.256104   0.355416   0.113996   0.558770   0.636569
  2059.264648   0.414731   0.130306   0.652311   0.740229
  2064.273438   0.401259   0.126778   0.633764   0.721610
  2069.281982   0.407778   0.129623   0.640853   0.733268
  2074.290771   0.479035   0.149845   0.748676   0.856024
  2079.299316   0.558547   0.173034   0.870634   1.001013
  2084.308105   0.565948   0.177647   0.883196   1.017840
  2089.316650   0.582704   0.181162   0.902940   1.041936
  2094.325439   0.592626   0.183196   0.917294   1.061940
  2099.333984   0.581413   0.181728   0.904407   1.046299
  2104.342773   0.592903   0.186574   0.916223   1.062904
  2109.351318   0.595816   0.184569   0.913651   1.061331
  2114.360107   0.588590   0.183231   0.906567   1.058248
  2119.368896   0.569083   0.178738   0.871623   1.023918
  2124.377441   0.577805   0.181200   0.869981   1.034512
  2129.386230   0.589343   0.182979   0.876584   1.059976
  2134.394775   0.591910   0.183958   0.873759   1.069570
  2139.403564   0.585351   0.184166   0.846643   1.052151
  2144.412109   0.580837   0.181763   0.826381   1.039250
  2149.420898   0.552406   0.172393   0.791322   0.991310
  2154.429443   0.538102   0.168149   0.772009   0.964111
  2159.438232   0.530411   0.168481   0.750552   0.946823
  2164.446777   0.497663   0.157192   0.693632   0.886185
  2169.455566   0.512489   0.161453   0.714780   0.915560
  2174.464111   0.511078   0.162377   0.719797   0.909547
  2179.472900   0.503067   0.161166   0.706625   0.890070
  2184.481445   0.470467   0.150727   0.657679   0.833030
  2189.490234   0.491310   0.155753   0.689418   0.862236
  2194.498779   0.480201   0.154572   0.677776   0.839762
  2199.507568   0.441552   0.144857   0.614998   0.771700
  2204.516113   0.450990   0.146304   0.616791   0.786312
  2209.524902   0.479369   0.153822   0.653609   0.835384
  2214.533447   0.477841   0.152999   0.649929   0.829722
  2219.542236   0.477897   0.153905   0.644323   0.838137
  2224.550781   0.473700   0.151715   0.632611   0.833803
  2229.559570   0.474879   0.150892   0.627946   0.835081
  2234.568115   0.461704   0.147356   0.603155   0.814178
  2239.576904   0.453345   0.146328   0.574222   0.804671
  2244.585449   0.442344   0.142626   0.539257   0.791142
  2249.594238   0.438649   0.140361   0.513800   0.782520
  2254.602783   0.422682   0.136250   0.483211   0.755900
  2259.611572   0.410062   0.134181   0.457415   0.742514
  2264.620117   0.400694   0.131387   0.430858   0.730193
  2269.628906   0.400173   0.129383   0.421410   0.724520
  2274.637451   0.397582   0.127783   0.422248   0.714886
  2279.646240   0.389683   0.127617   0.426953   0.709873
  2284.654785   0.381541   0.125917   0.422810   0.695646
  2289.663574   0.371347   0.122397   0.413711   0.673454
  2294.672119   0.345407   0.113661   0.385674   0.621087
  2299.680908   0.346165   0.115478   0.387358   0.627878
  2304.689453   0.351168   0.118352   0.394808   0.642920
  2309.698242   0.367098   0.122982   0.418035   0.669114
  2314.706787   0.341776   0.114201   0.390184   0.612984
  2319.715576   0.295452   0.100211   0.339338   0.529684
  2324.724365   0.315263   0.108144   0.363696   0.570413
  2329.732910   0.331714   0.113327   0.386099   0.601159
  2334.741699   0.321219   0.109445   0.374657   0.576503
  2339.750244   0.275720   0.094746   0.319003   0.490729
  2344.759033   0.270477   0.093637   0.311752   0.487306
  2349.767578   0.233971   0.082731   0.267495   0.425406
  2354.776367   0.244155   0.085645   0.280212   0.442267
  2359.784912   0.279737   0.095636   0.319179   0.499815
  2364.793701   0.270379   0.092453   0.308663   0.483903
  2369.802246   0.204455   0.071972   0.233466   0.369284
  2374.811035   0.219404   0.076328   0.252019   0.395389
  2379.819580   0.201525   0.070283   0.231055   0.361211
  2384.828369   0.175445   0.061765   0.201725   0.311907
  2389.836914   0.197993   0.069445   0.228117   0.356816
  2394.845703   0.212042   0.074762   0.246069   0.384486
  2399.854248   0.220015   0.077024   0.256298   0.396738
  2404.863037   0.181812   0.064013   0.211628   0.322985
  2409.871582   0.162537   0.058179   0.189331   0.290053
  2414.880371   0.120089   0.044388   0.140886   0.216329
  2419.888916   0.129458   0.047759   0.150264   0.231756
  2424.897705   0.172947   0.062388   0.202493   0.307856
  2429.906250   0.198481   0.070112   0.230858   0.353113
  2434.915039   0.113986   0.042018   0.129979   0.200918
  2439.923584   0.177439   0.063470   0.204841   0.317421
  2444.932373   0.111416   0.041841   0.127518   0.194472
  2449.940918   0.061535   0.025037   0.070394   0.107324
  2454.949707   0.111035   0.042549   0.125702   0.196956
  2459.958252   0.144456   0.053790   0.162346   0.257880
  2464.967041   0.103869   0.039825   0.116643   0.184251
  2469.975586   0.079210   0.032399   0.090292   0.136400
  2474.984375   0.062208   0.026495   0.069688   0.109440
  2479.992920   0.039752   0.016932   0.042975   0.066189
  2485.001709   0.016837   0.010559   0.018759   0.028262
  2490.010254   0.011219   0.008131   0.013467   0.018049
  2495.019043   0.014384   0.010206   0.016973   0.023918
  2500.027588   0.029670   0.015374   0.035793   0.049892
  2505.036377   0.000000   0.000000   0.000000   0.000000
