376.86	0.008254269
381.87	0.008615449
386.88	0.008936948
391.89	0.009714974
396.89	0.010520537
401.9	0.012325356
406.91	0.015796025
411.92	0.023423078
416.93	0.034420236
421.94	0.047687902
426.95	0.060826433
431.96	0.072054229
436.96	0.08025727
441.97	0.084828656
446.98	0.087126923
451.99	0.087269253
457	0.085339548
462.01	0.081354777
467.02	0.07570861
472.02	0.068680624
477.03	0.060768885
482.04	0.05245956
487.05	0.044440092
492.06	0.036819839
497.07	0.030706476
502.08	0.025989603
507.09	0.022295488
512.09	0.01946287
517.1	0.017250312
522.11	0.015322559
527.12	0.013772959
532.13	0.01259719
537.14	0.011779124
542.15	0.011286053
547.15	0.010994605
552.16	0.010872513
557.17	0.010842465
562.18	0.010826116
567.19	0.010806675
572.2	0.010839844
577.21	0.010941335
582.22	0.011263721
587.22	0.011849691
592.23	0.012890007
597.24	0.014276822
602.25	0.015979991
607.26	0.017901252
612.27	0.020032959
617.28	0.022252348
622.28	0.024542811
627.29	0.027008702
632.3	0.030114828
637.31	0.034653321
642.32	0.041516363
647.33	0.051706886
652.34	0.066473724
657.35	0.086591752
662.35	0.113219895
667.36	0.143917776
672.37	0.178071911
677.38	0.214276338
682.39	0.250806975
687.4	0.286009113
692.41	0.322315115
697.41	0.356087276
702.42	0.387608742
707.43	0.417576858
712.44	0.445198312
717.45	0.470123269
722.46	0.496012873
727.47	0.520433868
732.48	0.543740635
737.48	0.563586078
742.49	0.579422049
747.5	0.591746465
752.51	0.600822395
757.52	0.607673684
762.53	0.608577548
767.54	0.615388284
772.54	0.619921282
777.55	0.622871676
782.56	0.625479297
787.57	0.627783367
792.58	0.629753943
797.59	0.631955352
802.6	0.633931166
807.61	0.635959426
812.61	0.63747209
817.62	0.63828067
822.63	0.64029734
827.64	0.641756312
832.65	0.642351067
837.66	0.643484
842.67	0.644713739
847.67	0.645972156
852.68	0.647152176
857.69	0.648044012
862.7	0.648882286
867.71	0.649709905
872.72	0.650251675
877.73	0.650804232
882.74	0.651188907
887.74	0.651456878
892.75	0.651639502
897.76	0.651499832
902.77	0.651086521
907.78	0.65141979
912.79	0.651216723
917.8	0.650885465
922.81	0.6504175
927.81	0.649696758
932.82	0.648192904
937.83	0.646787165
942.84	0.644412698
947.85	0.641743318
952.86	0.639073937
957.87	0.636404557
962.87	0.633740505
967.88	0.631071124
972.89	0.628401744
977.9	0.625732364
982.91	0.623062983
987.92	0.620393603
992.93	0.617724222
997.94	0.615054842
1002.94	0.61239079
1007.95	0.612865934
1012.96	0.615529786
1017.97	0.617757496
1022.98	0.620983925
1027.99	0.624193096
1033	0.62704855
1038	0.63007617
1043.01	0.632503905
1048.02	0.634564547
1053.03	0.636532572
1058.04	0.637691128
1063.05	0.638772168
1068.06	0.638825613
1073.07	0.639110737
1078.07	0.6389098
1083.08	0.63844376
1088.09	0.637620428
1093.1	0.636181396
1098.11	0.63532013
1103.12	0.633400979
1108.13	0.631917288
1113.13	0.624886457
1118.14	0.616535171
1123.15	0.608183885
1128.16	0.599832599
1133.17	0.591481313
1138.18	0.583130027
1143.19	0.574778741
1148.2	0.561987912
1153.2	0.549782584
1158.21	0.544880058
1163.22	0.542930177
1168.23	0.541936075
1173.24	0.541589838
1178.25	0.54083329
1183.26	0.53947815
1188.26	0.538259918
1193.27	0.537689535
1198.28	0.537806011
1203.29	0.538112323
1208.3	0.538767371
1213.31	0.539717914
1218.32	0.541069431
1223.33	0.54262869
1228.33	0.544297947
1233.34	0.546083002
1238.35	0.54782542
1243.36	0.549487277
1248.37	0.550585833
1253.38	0.55171617
1258.39	0.5526272
1263.39	0.553115393
1268.4	0.552866544
1273.41	0.55221468
1278.42	0.551163937
1283.43	0.549386359
1288.44	0.546745348
1293.45	0.543882117
1298.46	0.540045593
1303.46	0.535148591
1308.47	0.529134576
1313.48	0.522037984
1318.49	0.513914159
1323.5	0.506384075
1328.51	0.498038585
1333.52	0.487865245
1338.52	0.479750604
1343.53	0.476482809
1348.54	0.469661919
1353.55	0.447805203
1358.56	0.425948488
1363.57	0.404091773
1368.58	0.382235057
1373.59	0.360378342
1378.59	0.338565253
1383.6	0.316708538
1388.61	0.294851823
1393.62	0.272995107
1398.63	0.251138392
1403.64	0.234816348
1408.65	0.216237714
1413.65	0.207815296
1418.66	0.20647438
1423.67	0.201574788
1428.68	0.19824414
1433.69	0.195640936
1438.7	0.194058439
1443.71	0.194023015
1448.72	0.193385869
1453.72	0.194375233
1458.73	0.196763645
1463.74	0.199786544
1468.75	0.203474682
1473.76	0.208717796
1478.77	0.214525978
1483.78	0.221369085
1488.78	0.228386971
1493.79	0.235869422
1498.8	0.243353074
1503.81	0.250724995
1508.82	0.258154581
1513.83	0.265553613
1518.84	0.272737888
1523.85	0.279809268
1528.85	0.286693754
1533.86	0.293382141
1538.87	0.2999
1543.88	0.306059888
1548.89	0.311947556
1553.9	0.317567248
1558.91	0.322877202
1563.91	0.327763654
1568.92	0.332434582
1573.93	0.336715471
1578.94	0.341007827
1583.95	0.345012054
1588.96	0.348839201
1593.97	0.352715009
1598.98	0.356323598
1603.98	0.359474299
1608.99	0.362411868
1614	0.36483333
1619.01	0.367091321
1624.02	0.369521973
1629.03	0.371662212
1634.04	0.373482034
1639.04	0.374938105
1644.05	0.376252603
1649.06	0.377362244
1654.07	0.378339137
1659.08	0.379473183
1664.09	0.380018389
1669.1	0.380060361
1674.11	0.379920306
1679.11	0.37982562
1684.12	0.379120839
1689.13	0.37816074
1694.14	0.376842123
1699.15	0.375495264
1704.16	0.373725384
1709.17	0.372132316
1714.17	0.370109
1719.18	0.367767114
1724.19	0.364856991
1729.2	0.36185711
1734.21	0.359066642
1739.22	0.35568729
1744.23	0.351973396
1749.24	0.347907831
1754.24	0.343667279
1759.25	0.340019374
1764.26	0.336359102
1769.27	0.333167901
1774.28	0.330306903
1779.29	0.328080608
1784.3	0.325864429
1789.3	0.325707238
1794.31	0.326586998
1799.32	0.326325133
1804.33	0.320048301
1809.34	0.310432499
1814.35	0.300816697
1819.36	0.291200896
1824.37	0.281585094
1829.37	0.271988486
1834.38	0.262372685
1839.39	0.252756883
1844.4	0.243141082
1849.41	0.23352528
1854.42	0.223909478
1859.43	0.214293677
1864.44	0.204677875
1869.44	0.195081267
1874.45	0.185465466
1879.46	0.175849664
1884.47	0.166233863
1889.48	0.156618061
1894.49	0.147002259
1899.5	0.137386458
1904.5	0.12778985
1909.51	0.118174048
1914.52	0.108558247
1919.53	0.098942445
1924.54	0.089326644
1929.55	0.079710842
1934.56	0.07009504
1939.57	0.060479239
1944.57	0.052547501
1949.58	0.05517988
1954.59	0.05806291
1959.6	0.062635732
1964.61	0.066624754
1969.62	0.070153673
1974.63	0.074253319
1979.63	0.078566422
1984.64	0.082790178
1989.65	0.086872631
1994.66	0.090572856
1999.67	0.09451496
2004.68	0.100660576
2009.69	0.1056907
2014.7	0.110895301
2019.7	0.115721118
2024.71	0.120030388
2029.72	0.124037345
2034.73	0.128073645
2039.74	0.132298996
2044.75	0.136111047
2049.76	0.14019527
2054.76	0.144073942
2059.77	0.147987954
2064.78	0.151963017
2069.79	0.155958506
2074.8	0.159953504
2079.81	0.164033738
2084.82	0.167434048
2089.83	0.170872053
2094.83	0.174390865
2099.84	0.177957325
2104.85	0.181297562
2109.86	0.18445722
2114.87	0.18742196
2119.88	0.190623728
2124.89	0.193626808
2129.89	0.19635682
2134.9	0.198590772
2139.91	0.201174813
2144.92	0.203318424
2149.93	0.205388008
2154.94	0.20722744
2159.95	0.209133833
2164.96	0.211165155
2169.96	0.212499567
2174.97	0.213660665
2179.98	0.214929833
2184.99	0.215851896
2190	0.217091919
2195.01	0.218303197
2200.02	0.218958194
2205.02	0.219366073
2210.03	0.219321257
2215.04	0.219350182
2220.05	0.219366724
2225.06	0.218570088
2230.07	0.217848507
2235.08	0.216301905
2240.09	0.215051157
2245.09	0.213268244
2250.1	0.211583218
2255.11	0.20924846
2260.12	0.206916657
2265.13	0.204236388
2270.14	0.201590655
2275.15	0.19921921
2280.15	0.1973512
2285.16	0.194473733
2290.17	0.191581301
2295.18	0.188383173
2300.19	0.185511111
2305.2	0.182249364
2310.21	0.179345313
2315.22	0.176549465
2320.22	0.173834382
2325.23	0.170624711
2330.24	0.167581767
2335.25	0.164521673
2340.26	0.160678818
2345.27	0.156837606
2350.28	0.153351543
2355.28	0.150093536
2360.29	0.146275446
2365.3	0.143702877
2370.31	0.139985328
2375.32	0.137161035
2380.33	0.132726655
2385.34	0.128541133
2390.35	0.126304
2395.35	0.123094883
2400.36	0.119540739
2405.37	0.116140188
2410.38	0.113426644
2415.39	0.108827814
2420.4	0.103105811
2425.41	0.100490297
2430.41	0.098937422
2435.42	0.094779803
2440.43	0.091418759
2445.44	0.091074416
2450.45	0.091754573
2455.46	0.09243473
2460.47	0.093114886
2465.48	0.093795043
2470.48	0.094473843
2475.49	0.095153999
2480.5	0.095834156
2485.51	0.096514313
2490.52	0.09719447
2495.53	0.097874627
2500.54	0.098554784