9.114046744980343062e-01
8.425534566474484066e-01
7.974927093192971661e-01
8.340016958968883287e-01
9.179957306632792191e-01
1.340199490708454233e+00
1.404683759087737460e+00
1.551361267057472570e+00
1.881676528144855309e+00
2.180620450179072911e+00
2.363208675687495930e+00
2.546788839120411652e+00
3.041149051400468206e+00
3.310132317019637505e+00
3.570821914768950833e+00
3.760164902845214208e+00
3.692673119523771863e+00
3.606705239009765585e+00
3.400093226337266294e+00
3.152116232861584155e+00
2.858264669258596680e+00
2.509297988497657617e+00
2.091035842392325872e+00
1.917287245586124289e+00
1.692097968986353562e+00
1.452149336278059977e+00
1.341921211702679972e+00
1.213977239795488439e+00
1.057001311173439762e+00
1.051401558663133562e+00
9.813375804448974948e-01
9.336909361653467077e-01
8.767259445714520316e-01
8.313284000112730610e-01
8.238339071470620611e-01
8.089300573073002765e-01
7.687586557031426127e-01
7.530693984765378657e-01
7.363396597407912969e-01
7.091785102695261633e-01
7.060347160124408328e-01
7.134534318210680182e-01
6.922545037224839826e-01
6.890258256470120912e-01
7.424054337509435886e-01
7.932296360126208645e-01
8.407535395066068062e-01
8.795061270406185905e-01
9.221746292872237127e-01
9.851413723280652013e-01
1.016312855552070404e+00
1.101713633054275610e+00
1.243951572405860295e+00
1.415172990834303368e+00
1.628591738802308342e+00
2.015408928704665925e+00
2.516412861711120108e+00
3.381669523238192809e+00
4.246069155347791835e+00
5.158673349453527734e+00
6.150957755957458417e+00
7.041155096823513482e+00
6.941591695240191484e+00
7.846685940746230159e+00
8.987348156710140756e+00
9.728308349532722943e+00
1.078627382677782798e+01
1.137036676556330939e+01
9.894496980886485105e+00
9.919429762349494695e+00
1.024896913439073387e+01
1.190134473859830599e+01
1.341356628398530404e+01
1.432677306947972085e+01
1.477070254749105160e+01
1.488633481121590485e+01
1.257278524582331869e+01
6.966541447927964370e+00
1.174066863347926848e+01
1.436610983333895319e+01
1.449038965046826988e+01
1.439026220336774387e+01
1.390064012699105511e+01
1.345258665325676617e+01
1.340447946660723133e+01
1.326568012503931193e+01
1.321397861852634392e+01
1.149020704099901913e+01
9.812368447770987601e+00
1.029642416766759005e+01
1.087641070477980954e+01
1.122878829120745259e+01
1.208096955882026258e+01
1.245338892209036885e+01
1.241644550471830222e+01
1.184571155577444301e+01
1.223410194769302173e+01
1.226799760599806177e+01
1.174093242199435139e+01
1.218307039655535107e+01
1.197890002757747219e+01
1.180868058249919095e+01
1.161596769587635514e+01
1.064155184146169653e+01
8.152199786780386148e+00
8.126071554365724481e+00
7.770588425808706567e+00
7.127395689852078497e+00
7.521452751691894534e+00
8.150333090476955533e+00
6.216503911428630680e+00
2.466410154285784362e+00
2.229937765681912598e+00
2.740239428227395635e+00
2.734530859015408044e+00
3.086838896388490294e+00
3.641151246339262570e+00
4.509275881362274419e+00
6.227121251330085983e+00
6.813956220107430184e+00
6.834019442313793213e+00
7.803463645586996122e+00
8.516641057706339168e+00
8.696344437674305539e+00
8.644334626300960167e+00
8.435540084966532959e+00
8.395244108907530034e+00
8.455388245263355529e+00
8.433873964477923479e+00
8.372101142349711367e+00
8.342501551542778060e+00
8.339146142960181862e+00
8.281699684307037401e+00
8.235740324198866702e+00
8.152225159065631388e+00
8.067312642072698381e+00
7.867828538663116156e+00
7.722902756016210901e+00
7.505309332006443235e+00
7.484553408684065268e+00
7.383985713542482898e+00
7.137600785343682475e+00
6.899994022344968947e+00
6.433931096052450727e+00
5.789727861520158392e+00
5.075020837096698045e+00
4.414663440464266841e+00
2.969167268744570265e+00
1.292609281504038199e+00
7.630608256284544533e-01
7.764812821642175233e-01
9.732401740710916460e-01
1.554992589364507793e+00
1.371930570907243352e+00
1.166350565985054377e+00
1.622418858719119505e+00
2.494450959470824625e+00
3.355858275009393932e+00
3.792162960210777811e+00
3.965141081060600481e+00
4.019797524331462313e+00
3.852123522150675772e+00
3.946895417279475016e+00
4.235687248903418300e+00
4.043380467140432089e+00
3.976105707525520394e+00
4.155434275871822791e+00
4.195782174623523986e+00
4.427846184380229033e+00
4.477847410218278590e+00
4.597898987481108257e+00
4.740716664639748501e+00
4.771974674287146279e+00
4.746560080359779832e+00
4.676512364206965700e+00
4.536532697659191093e+00
4.272603973423255042e+00
3.820226981458705762e+00
3.504635857792739451e+00
3.937286093399514186e+00
4.134073120063947115e+00
4.169452119972034687e+00
4.169455531321440311e+00
4.006252716864112884e+00
3.739920175090224674e+00
3.416135832031201858e+00
3.092795774607298043e+00
2.690045098467656715e+00
2.490788805154130703e+00
2.234986763173404611e+00
1.646200702154140938e+00
1.218217690727751989e+00
1.209546055959313415e+00
7.438504176349645114e-01
1.499155825878278059e-01
8.154171407967099328e-03
7.046032149351353258e-05
4.005479572035039245e-06
3.829767469564818297e-06
4.500117818001508609e-05
8.583634544307808278e-05
1.592240658830546801e-05
1.140139340418598422e-04
1.260418246768085803e-04
3.797998143190366269e-04
6.475364706228002674e-04
1.835973192235313464e-03
1.007926586637920841e-02
1.316757663027393922e-02
3.150856670365306811e-02
5.692253478574631209e-02
4.879282279886768686e-02
4.760882811016699245e-02
6.182359676488243666e-02
1.053452527322630977e-01
1.656367166790342904e-01
2.469826457090583127e-01
2.170710919642140913e-01
1.248561034142549320e-01
1.956079580295764508e-01
2.252891548102636810e-01
3.066890719295111700e-01
4.401271028542381170e-01
6.553244584765081093e-01
8.623910087393688029e-01
9.068496229777243123e-01
1.084498791266528039e+00
1.174259922801497824e+00
1.247640935473884438e+00
1.386116026413142022e+00
1.425703399774807201e+00
1.485812699977193452e+00
1.547530799303320936e+00
1.562120505845913332e+00
1.634952730853033831e+00
1.638391450849814301e+00
1.666030409542148094e+00
1.686240919683605233e+00
1.568089828932520247e+00
1.520370174686240361e+00
1.576313872101583469e+00
1.662883153984524798e+00
1.661741162025311302e+00
1.720557339626894278e+00
1.639164100251561784e+00
1.566872459499372816e+00
1.547957159348511080e+00
1.637213063955559766e+00
1.730238119502542471e+00
1.744846489148306645e+00
1.735463902040558670e+00
1.709972963109719579e+00
1.633735207044911153e+00
1.618035135729415597e+00
1.634197968247730115e+00
1.635385102013265035e+00
1.645888018742810655e+00
1.582372528075495000e+00
1.581445878844230712e+00
1.572981301062716497e+00
1.525395635695014240e+00
1.520227777042028050e+00
1.493229187540938474e+00
1.468605762972586382e+00
1.431519324902464918e+00
1.408282469690999239e+00
1.332630140519764472e+00
1.321722691968441499e+00
1.310608062131416229e+00
1.176841826759800869e+00
1.198587276682687497e+00
1.082043225202369063e+00
1.041551361339990489e+00
1.014526724599080998e+00
1.000251411053681982e+00
9.632458552947642527e-01
9.302080537581182140e-01
7.966830332817526061e-01
7.479043591299682214e-01
6.273541987365185424e-01
5.106123454385340654e-01
4.133242034341725879e-01
4.047348112074550253e-01
1.975615352087000121e-01
1.475917664792001927e-01
5.263296918236939209e-02
2.900315719156160502e-02
8.864903187854083350e-03
2.043783684347070303e-03
1.963242055835560593e-03
1.835944044396918919e-04
2.823599609457030725e-06
1.197528525794261524e-06
4.250233296284135568e-06
2.432894147587593192e-06
1.898265646715748133e-06
2.841955416749182973e-06
4.945498071575186839e-06
1.968397508925182679e-06
1.720831420174393443e-06
1.055100972695755062e-05
1.589908741829973261e-05
2.227032807754844381e-05
2.420937297463519704e-05
8.507545859273744833e-06
2.659673654342716372e-06
5.319935390456155548e-06
2.425078060873744629e-05
7.979589838141396983e-05
2.227237856048568045e-04
2.338027207924607608e-04
1.007384735614712864e-03
2.016315446711862674e-03
3.826337173568913983e-03
5.968781852628466354e-03
5.157970239163542706e-03
9.120572897567350706e-03
2.251685065320002677e-02
4.822039270562265834e-02
6.803429232439452135e-02
8.838970555539760188e-02
1.133020497200251525e-01
1.157187248302400800e-01
1.104983670501525905e-01
4.189268847159533654e-02
1.637246434054926217e-02
3.559001108283358500e-02
3.028327724099558194e-02
6.028278963401183244e-02
1.276671699097022272e-01
1.772357908112136560e-01
2.202074057660502460e-01
2.176277385291451594e-01
2.134841547191355104e-01
1.669823757251148455e-01
1.246448087302391428e-01
1.605284402212654726e-01
1.551950839441095520e-01
1.695814520682067394e-01
2.117630210453791961e-01
2.601727154943694886e-01
2.690104446820697492e-01
2.875972589398442802e-01
3.001191600755981348e-01
2.982106984261724270e-01
3.227919592012240546e-01
3.261422785667225099e-01
3.275306070348183440e-01
3.233352391770146217e-01
3.315244227678426081e-01
3.445347202286199173e-01
3.515008325887393204e-01
3.553448023856626281e-01
3.555779164722059904e-01
3.318875095216176629e-01
3.299930372077552465e-01
3.298520593452305971e-01
3.126905787132351344e-01
3.295979644835752009e-01
3.281619484645229567e-01
3.299719586795895054e-01
3.060178941671913289e-01
3.284492366011396158e-01
3.182508584603365165e-01
2.957112120081029083e-01
3.078495867786192886e-01
3.304891996811095689e-01
3.239868025324115219e-01
3.268102330473251493e-01
3.206661219979557997e-01
3.200989712923434372e-01
3.105141251902716060e-01
3.062048720808444591e-01
2.944652550661455703e-01
2.918738641807352430e-01
2.792606277234641610e-01
2.702166919897576181e-01
2.634339745494180818e-01
2.555004047389504152e-01
2.506805631195737627e-01
2.499460967173887105e-01
2.407775296479685301e-01
2.267270133799492438e-01
2.088815426654307972e-01
2.086710754474564999e-01
2.103686774830256512e-01
2.199568830437474976e-01
1.939773425332424750e-01
1.660278746858003529e-01
1.812822848842276235e-01
1.846507867473669851e-01
1.732851882324731585e-01
1.411011438610716984e-01
1.386930669238389535e-01
1.133941305160970359e-01
1.214804481435754480e-01
1.350133517812160677e-01
1.237067941907208229e-01
8.596344573884359686e-02
9.381077910077109672e-02
8.286367531693530908e-02
6.946010024710071173e-02
7.876929496776725881e-02
8.156503638788668853e-02
8.293567108290987588e-02
6.187116016062400858e-02
5.585255872965214780e-02
3.634926162394879617e-02
4.182313631565241080e-02
5.328454552184653387e-02
5.745269158533013870e-02
2.961247171469922473e-02
5.061991127758757453e-02
2.518947624843905983e-02
1.354517948003053016e-02
3.089660476804702988e-02
3.558339604609510320e-02
2.516116898071157210e-02
1.569924006626618324e-02
1.401069476587831104e-02
6.629582536257352075e-03
2.553411620287262748e-03
1.548207033659165744e-03
2.166838440828111351e-03
4.183979959743695104e-03
