376.86 5.57
381.87 5.58
386.88 5.58
391.89 5.58
396.89 5.59
401.9 5.59
406.91 5.59
411.92 5.6
416.93 5.6
421.94 5.6
426.95 5.6
431.96 5.61
436.96 5.61
441.97 5.61
446.98 5.62
451.99 5.62
457 5.62
462.01 5.62
467.02 5.63
472.02 5.63
477.03 5.63
482.04 5.64
487.05 5.64
492.06 5.64
497.07 5.64
502.08 5.65
507.09 5.65
512.09 5.65
517.1 5.65
522.11 5.66
527.12 5.66
532.13 5.66
537.14 5.66
542.15 5.66
547.15 5.67
552.16 5.67
557.17 5.67
562.18 5.67
567.19 5.68
572.2 5.68
577.21 5.68
582.22 5.68
587.22 5.68
592.23 5.69
597.24 5.69
602.25 5.69
607.26 5.69
612.27 5.69
617.28 5.7
622.28 5.7
627.29 5.7
632.3 5.7
637.31 5.7
642.32 5.7
647.33 5.71
652.34 5.71
657.35 5.71
662.35 5.71
667.36 5.71
672.37 5.71
677.38 5.72
682.39 5.72
687.4 5.72
692.41 5.72
697.41 5.72
702.42 5.72
707.43 5.72
712.44 5.73
717.45 5.73
722.46 5.73
727.47 5.73
732.48 5.73
737.48 5.73
742.49 5.73
747.5 5.73
752.51 5.74
757.52 5.74
762.53 5.74
767.54 5.74
772.54 5.74
777.55 5.74
782.56 5.74
787.57 5.74
792.58 5.74
797.59 5.75
802.6 5.75
807.61 5.75
812.61 5.75
817.62 5.75
822.63 5.75
827.64 5.75
832.65 5.75
837.66 5.75
842.67 5.75
847.67 5.76
852.68 5.76
857.69 5.76
862.7 5.76
867.71 5.76
872.72 5.76
877.73 5.76
882.74 5.76
887.74 5.76
892.75 5.76
897.76 5.76
902.77 5.76
907.78 5.76
912.79 5.77
917.8 5.77
922.81 5.77
927.81 5.77
932.82 5.77
937.83 5.77
942.84 5.77
947.85 5.77
952.86 5.77
957.87 5.77
962.87 5.77
967.88 5.77
972.89 5.77
977.9 5.77
982.91 5.77
987.92 5.77
992.93 5.77
997.94 5.77
1002.9 5.78
1007.9 5.78
1013 5.78
1018 5.78
1023 5.78
1028 5.78
1033 5.78
1038 5.78
1043 5.78
1048 5.78
1053 5.78
1058 5.78
1063 5.78
1068.1 5.78
1073.1 5.78
1078.1 5.78
1083.1 5.78
1088.1 5.78
1093.1 5.78
1098.1 5.78
1103.1 5.78
1108.1 5.78
1113.1 5.78
1118.1 5.78
1123.2 5.78
1128.2 5.78
1133.2 5.78
1138.2 5.78
1143.2 5.78
1148.2 5.78
1153.2 5.78
1158.2 5.79
1163.2 5.79
1168.2 5.79
1173.2 5.79
1178.2 5.79
1183.3 5.79
1188.3 5.79
1193.3 5.79
1198.3 5.79
1203.3 5.79
1208.3 5.79
1213.3 5.79
1218.3 5.79
1223.3 5.79
1228.3 5.79
1233.3 5.79
1238.4 5.79
1243.4 5.79
1248.4 5.79
1253.4 5.79
1258.4 5.79
1263.4 5.79
1268.4 5.79
1273.4 5.79
1278.4 5.79
1283.4 5.79
1288.4 5.79
1293.5 5.79
1298.5 5.79
1303.5 5.79
1308.5 5.79
1313.5 5.79
1318.5 5.79
1323.5 5.79
1328.5 5.79
1333.5 5.79
1338.5 5.79
1343.5 5.79
1348.5 5.79
1353.5 5.79
1358.6 5.79
1363.6 5.79
1368.6 5.79
1373.6 5.79
1378.6 5.79
1383.6 5.79
1388.6 5.79
1393.6 5.79
1398.6 5.79
1403.6 5.79
1408.6 5.79
1413.7 5.79
1418.7 5.79
1423.7 5.79
1428.7 5.79
1433.7 5.79
1438.7 5.79
1443.7 5.79
1448.7 5.79
1453.7 5.8
1458.7 5.8
1463.7 5.8
1468.8 5.8
1473.8 5.8
1478.8 5.8
1483.8 5.8
1488.8 5.8
1493.8 5.8
1498.8 5.8
1503.8 5.8
1508.8 5.8
1513.8 5.8
1518.8 5.8
1523.8 5.8
1528.9 5.8
1533.9 5.8
1538.9 5.8
1543.9 5.8
1548.9 5.8
1553.9 5.8
1558.9 5.8
1563.9 5.8
1568.9 5.8
1573.9 5.8
1578.9 5.8
1584 5.8
1589 5.8
1594 5.8
1599 5.8
1604 5.8
1609 5.8
1614 5.8
1619 5.8
1624 5.8
1629 5.8
1634 5.8
1639 5.81
1644 5.81
1649.1 5.81
1654.1 5.81
1659.1 5.81
1664.1 5.81
1669.1 5.81
1674.1 5.81
1679.1 5.81
1684.1 5.81
1689.1 5.81
1694.1 5.81
1699.1 5.81
1704.2 5.81
1709.2 5.81
1714.2 5.81
1719.2 5.81
1724.2 5.81
1729.2 5.81
1734.2 5.81
1739.2 5.81
1744.2 5.82
1749.2 5.82
1754.2 5.82
1759.2 5.82
1764.3 5.82
1769.3 5.82
1774.3 5.82
1779.3 5.82
1784.3 5.82
1789.3 5.82
1794.3 5.82
1799.3 5.82
1804.3 5.82
1809.3 5.82
1814.3 5.82
1819.4 5.82
1824.4 5.83
1829.4 5.83
1834.4 5.83
1839.4 5.83
1844.4 5.83
1849.4 5.83
1854.4 5.83
1859.4 5.83
1864.4 5.83
1869.4 5.83
1874.5 5.83
1879.5 5.83
1884.5 5.83
1889.5 5.84
1894.5 5.84
1899.5 5.84
1904.5 5.84
1909.5 5.84
1914.5 5.84
1919.5 5.84
1924.5 5.84
1929.6 5.84
1934.6 5.84
1939.6 5.84
1944.6 5.84
1949.6 5.85
1954.6 5.85
1959.6 5.85
1964.6 5.85
1969.6 5.85
1974.6 5.85
1979.6 5.85
1984.6 5.85
1989.6 5.85
1994.7 5.86
1999.7 5.86
2004.7 5.86
2009.7 5.86
2014.7 5.86
2019.7 5.86
2024.7 5.86
2029.7 5.86
2034.7 5.86
2039.7 5.87
2044.8 5.87
2049.8 5.87
2054.8 5.87
2059.8 5.87
2064.8 5.87
2069.8 5.87
2074.8 5.87
2079.8 5.88
2084.8 5.88
2089.8 5.88
2094.8 5.88
2099.8 5.88
2104.8 5.88
2109.9 5.88
2114.9 5.88
2119.9 5.89
2124.9 5.89
2129.9 5.89
2134.9 5.89
2139.9 5.89
2144.9 5.89
2149.9 5.89
2154.9 5.9
2159.9 5.9
2165 5.9
2170 5.9
2175 5.9
2180 5.9
2185 5.9
2190 5.91
2195 5.91
2200 5.91
2205 5.91
2210 5.91
2215 5.91
2220.1 5.92
2225.1 5.92
2230.1 5.92
2235.1 5.92
2240.1 5.92
2245.1 5.92
2250.1 5.93
2255.1 5.93
2260.1 5.93
2265.1 5.93
2270.1 5.93
2275.2 5.93
2280.2 5.94
2285.2 5.94
2290.2 5.94
2295.2 5.94
2300.2 5.94
2305.2 5.95
2310.2 5.95
2315.2 5.95
2320.2 5.95
2325.2 5.95
2330.2 5.95
2335.2 5.96
2340.3 5.96
2345.3 5.96
2350.3 5.96
2355.3 5.96
2360.3 5.97
2365.3 5.97
2370.3 5.97
2375.3 5.97
2380.3 5.97
2385.3 5.98
2390.4 5.98
2395.3 5.98
2400.4 5.98
2405.4 5.98
2410.4 5.99
2415.4 5.99
2420.4 5.99
2425.4 5.99
2430.4 5.99
2435.4 6
2440.4 6
2445.4 6
2450.4 6
2455.5 6.01
2460.5 6.01
2465.5 6.01
2470.5 6.01
2475.5 6.01
2480.5 6.02
2485.5 6.02
2490.5 6.02
2495.5 6.02
2500.5 6.03
