346.3 5.5726
351.31 5.5759
356.32 5.5793
361.33 5.5826
366.33 5.5858
371.34 5.589
376.35 5.5922
381.36 5.5953
386.37 5.5984
391.38 5.6014
396.39 5.6045
401.39 5.6075
406.4 5.6104
411.41 5.6133
416.42 5.6162
421.43 5.619
426.44 5.6219
431.45 5.6246
436.46 5.6274
441.46 5.6301
446.47 5.6327
451.48 5.6354
456.49 5.638
461.5 5.6406
466.51 5.6431
471.52 5.6456
476.52 5.6481
481.53 5.6506
486.54 5.653
491.55 5.6554
496.56 5.6577
501.57 5.6601
506.58 5.6623
511.59 5.6646
516.59 5.6668
521.6 5.6691
526.61 5.6712
531.62 5.6734
536.63 5.6755
541.64 5.6776
546.65 5.6796
551.66 5.6817
556.66 5.6837
561.67 5.6857
566.68 5.6876
571.69 5.6895
576.7 5.6914
581.71 5.6933
586.72 5.6951
591.72 5.6969
596.73 5.6987
601.74 5.7005
606.75 5.7022
611.76 5.7039
616.77 5.7056
621.78 5.7073
626.79 5.7089
631.79 5.7105
636.8 5.7121
641.81 5.7137
646.82 5.7152
651.83 5.7168
656.84 5.7183
661.85 5.7197
666.85 5.7212
671.86 5.7226
676.87 5.724
681.88 5.7254
686.89 5.7268
691.9 5.7281
696.91 5.7294
701.92 5.7307
706.92 5.732
711.93 5.7332
716.94 5.7345
721.95 5.7357
726.96 5.7369
731.97 5.7381
736.98 5.7392
741.98 5.7403
746.99 5.7415
752 5.7426
757.01 5.7436
762.02 5.7447
767.03 5.7457
772.04 5.7468
777.05 5.7478
782.05 5.7488
787.06 5.7497
792.07 5.7507
797.08 5.7516
802.09 5.7525
807.1 5.7534
812.11 5.7543
817.11 5.7552
822.12 5.756
827.13 5.7569
832.14 5.7577
837.15 5.7585
842.16 5.7593
847.17 5.7601
852.18 5.7608
857.18 5.7616
862.19 5.7623
867.2 5.763
872.21 5.7637
877.22 5.7644
882.23 5.7651
887.24 5.7657
892.24 5.7664
897.25 5.767
902.26 5.7676
907.27 5.7683
912.28 5.7688
917.29 5.7694
922.3 5.77
927.31 5.7706
932.31 5.7711
937.32 5.7716
942.33 5.7722
947.34 5.7727
952.35 5.7732
957.36 5.7737
962.37 5.7742
967.37 5.7746
972.38 5.7751
977.39 5.7755
982.4 5.776
987.41 5.7764
992.42 5.7768
997.43 5.7773
1002.4 5.7776
1007.4 5.778
1012.5 5.7784
1017.5 5.7788
1022.5 5.7792
1027.5 5.7795
1032.5 5.7799
1037.5 5.7802
1042.5 5.7806
1047.5 5.7809
1052.5 5.7812
1057.5 5.7815
1062.5 5.7818
1067.5 5.7821
1072.6 5.7824
1077.6 5.7827
1082.6 5.783
1087.6 5.7832
1092.6 5.7835
1097.6 5.7838
1102.6 5.784
1107.6 5.7843
1112.6 5.7845
1117.6 5.7847
1122.6 5.785
1127.7 5.7852
1132.7 5.7854
1137.7 5.7856
1142.7 5.7859
1147.7 5.7861
1152.7 5.7863
1157.7 5.7865
1162.7 5.7867
1167.7 5.7869
1172.7 5.7871
1177.7 5.7872
1182.7 5.7874
1187.8 5.7876
1192.8 5.7878
1197.8 5.788
1202.8 5.7881
1207.8 5.7883
1212.8 5.7885
1217.8 5.7886
1222.8 5.7888
1227.8 5.7889
1232.8 5.7891
1237.8 5.7893
1242.9 5.7894
1247.9 5.7896
1252.9 5.7897
1257.9 5.7899
1262.9 5.79
1267.9 5.7902
1272.9 5.7903
1277.9 5.7905
1282.9 5.7906
1287.9 5.7908
1292.9 5.7909
1297.9 5.7911
1303 5.7912
1308 5.7913
1313 5.7915
1318 5.7916
1323 5.7918
1328 5.7919
1333 5.7921
1338 5.7922
1343 5.7924
1348 5.7925
1353 5.7927
1358.1 5.7929
1363.1 5.793
1368.1 5.7932
1373.1 5.7934
1378.1 5.7935
1383.1 5.7937
1388.1 5.7938
1393.1 5.794
1398.1 5.7942
1403.1 5.7944
1408.1 5.7946
1413.1 5.7947
1418.2 5.7949
1423.2 5.7951
1428.2 5.7953
1433.2 5.7955
1438.2 5.7957
1443.2 5.7959
1448.2 5.7961
1453.2 5.7963
1458.2 5.7965
1463.2 5.7967
1468.2 5.797
1473.3 5.7972
1478.3 5.7974
1483.3 5.7977
1488.3 5.7979
1493.3 5.7982
1498.3 5.7984
1503.3 5.7986
1508.3 5.7989
1513.3 5.7992
1518.3 5.7995
1523.3 5.7997
1528.3 5.8
1533.4 5.8003
1538.4 5.8006
1543.4 5.8009
1548.4 5.8012
1553.4 5.8015
1558.4 5.8018
1563.4 5.8021
1568.4 5.8025
1573.4 5.8028
1578.4 5.8031
1583.4 5.8035
1588.4 5.8038
1593.5 5.8042
1598.5 5.8046
1603.5 5.8049
1608.5 5.8053
1613.5 5.8057
1618.5 5.8061
1623.5 5.8065
1628.5 5.8069
1633.5 5.8073
1638.5 5.8078
1643.5 5.8082
1648.6 5.8086
1653.6 5.8091
1658.6 5.8095
1663.6 5.81
1668.6 5.8105
1673.6 5.811
1678.6 5.8114
1683.6 5.8119
1688.6 5.8125
1693.6 5.813
1698.6 5.8135
1703.6 5.814
1708.7 5.8146
1713.7 5.8151
1718.7 5.8157
1723.7 5.8162
1728.7 5.8168
1733.7 5.8174
1738.7 5.818
1743.7 5.8186
1748.7 5.8192
1753.7 5.8198
1758.7 5.8204
1763.8 5.8211
1768.8 5.8217
1773.8 5.8224
1778.8 5.8231
1783.8 5.8237
1788.8 5.8244
1793.8 5.8251
1798.8 5.8258
1803.8 5.8266
1808.8 5.8273
1813.8 5.828
1818.8 5.8288
1823.9 5.8295
1828.9 5.8303
1833.9 5.8311
1838.9 5.8319
1843.9 5.8327
1848.9 5.8335
1853.9 5.8343
1858.9 5.8351
1863.9 5.836
1868.9 5.8368
1873.9 5.8377
1879 5.8386
1884 5.8394
1889 5.8403
1894 5.8413
1899 5.8422
1904 5.8431
1909 5.844
1914 5.845
1919 5.846
1924 5.8469
1929 5.8479
1934 5.8489
1939.1 5.8499
1944.1 5.8509
1949.1 5.852
1954.1 5.853
1959.1 5.8541
1964.1 5.8551
1969.1 5.8562
1974.1 5.8573
1979.1 5.8584
1984.1 5.8595
1989.1 5.8606
1994.2 5.8618
1999.2 5.8629
2004.2 5.8641
2009.2 5.8652
2014.2 5.8664
2019.2 5.8676
2024.2 5.8688
2029.2 5.87
2034.2 5.8713
2039.2 5.8725
2044.2 5.8738
2049.2 5.8751
2054.3 5.8763
2059.3 5.8776
2064.3 5.8789
2069.3 5.8803
2074.3 5.8816
2079.3 5.8829
2084.3 5.8843
2089.3 5.8856
2094.3 5.887
2099.3 5.8884
2104.3 5.8898
2109.4 5.8912
2114.4 5.8927
2119.4 5.8941
2124.4 5.8956
2129.4 5.897
2134.4 5.8985
2139.4 5.9
2144.4 5.9015
2149.4 5.903
2154.4 5.9045
2159.4 5.9061
2164.4 5.9076
2169.5 5.9092
2174.5 5.9108
2179.5 5.9124
2184.5 5.914
2189.5 5.9156
2194.5 5.9172
2199.5 5.9189
2204.5 5.9205
2209.5 5.9222
2214.5 5.9239
2219.5 5.9256
2224.6 5.9273
2229.6 5.929
2234.6 5.9307
2239.6 5.9325
2244.6 5.9342
2249.6 5.936
2254.6 5.9378
2259.6 5.9396
2264.6 5.9414
2269.6 5.9432
2274.6 5.945
2279.6 5.9469
2284.7 5.9487
2289.7 5.9506
2294.7 5.9525
2299.7 5.9544
2304.7 5.9563
2309.7 5.9582
2314.7 5.9601
2319.7 5.9621
2324.7 5.964
2329.7 5.966
2334.7 5.968
2339.8 5.97
2344.8 5.972
2349.8 5.974
2354.8 5.976
2359.8 5.9781
2364.8 5.9802
2369.8 5.9822
2374.8 5.9843
2379.8 5.9864
2384.8 5.9885
2389.8 5.9906
2394.8 5.9928
2399.9 5.9949
2404.9 5.9971
2409.9 5.9992
2414.9 6.0014
2419.9 6.0036
2424.9 6.0058
2429.9 6.008
2434.9 6.0103
2439.9 6.0125
2444.9 6.0148
2449.9 6.017
2454.9 6.0193
2460 6.0216
2465 6.0239
2470 6.0262
2475 6.0285
2480 6.0309
2485 6.0332
2490 6.0356
2495 6.0379
2500 6.0403
2505 6.0427
