0.000000000000000000e+00 3.462995799999999957e-01 5.572599999999999602e-03
1.000000000000000000e+00 3.513082499999999886e-01 5.575949999999999657e-03
2.000000000000000000e+00 3.563169199999999814e-01 5.579269999999999889e-03
3.000000000000000000e+00 3.613255899999999743e-01 5.582550000000000359e-03
4.000000000000000000e+00 3.663342600000000227e-01 5.585790000000000199e-03
5.000000000000000000e+00 3.713429300000000155e-01 5.588990000000000277e-03
6.000000000000000000e+00 3.763516000000000084e-01 5.592159999999999666e-03
7.000000000000000000e+00 3.813602700000000012e-01 5.595290000000000159e-03
8.000000000000000000e+00 3.863689399999999941e-01 5.598389999999999964e-03
9.000000000000000000e+00 3.913776099999999869e-01 5.601440000000000065e-03
1.000000000000000000e+01 3.963862799999999798e-01 5.604460000000000344e-03
1.100000000000000000e+01 4.013949499999999726e-01 5.607449999999999934e-03
1.200000000000000000e+01 4.064036200000000210e-01 5.610399999999999762e-03
1.300000000000000000e+01 4.114122900000000138e-01 5.613319999999999768e-03
1.400000000000000000e+01 4.164209600000000067e-01 5.616190000000000071e-03
1.500000000000000000e+01 4.214296299999999995e-01 5.619039999999999625e-03
1.600000000000000000e+01 4.264382999999999924e-01 5.621850000000000284e-03
1.700000000000000000e+01 4.314469699999999852e-01 5.624630000000000254e-03
1.800000000000000000e+01 4.364556399999999781e-01 5.627369999999999595e-03
1.900000000000000000e+01 4.414643100000000264e-01 5.630079999999999980e-03
2.000000000000000000e+01 4.464729800000000193e-01 5.632749999999999736e-03
2.100000000000000000e+01 4.514816500000000121e-01 5.635399999999999611e-03
2.200000000000000000e+01 4.564903200000000050e-01 5.638009999999999723e-03
2.300000000000000000e+01 4.614989899999999978e-01 5.640580000000000073e-03
2.400000000000000000e+01 4.665076599999999907e-01 5.643129999999999674e-03
2.500000000000000000e+01 4.715163299999999835e-01 5.645640000000000380e-03
2.600000000000000000e+01 4.765249999999999764e-01 5.648120000000000397e-03
2.700000000000000000e+01 4.815336700000000247e-01 5.650569999999999725e-03
2.800000000000000000e+01 4.865423400000000176e-01 5.652990000000000098e-03
2.900000000000000000e+01 4.915510100000000104e-01 5.655369999999999842e-03
3.000000000000000000e+01 4.965596800000000033e-01 5.657729999999999704e-03
3.100000000000000000e+01 5.015683499999999961e-01 5.660049999999999804e-03
3.200000000000000000e+01 5.065770200000000445e-01 5.662350000000000022e-03
3.300000000000000000e+01 5.115856899999999818e-01 5.664609999999999611e-03
3.400000000000000000e+01 5.165943600000000302e-01 5.666840000000000245e-03
3.500000000000000000e+01 5.216030299999999675e-01 5.669050000000000131e-03
3.600000000000000000e+01 5.266117000000000159e-01 5.671220000000000254e-03
3.700000000000000000e+01 5.316203699999999532e-01 5.673369999999999629e-03
3.800000000000000000e+01 5.366290400000000016e-01 5.675490000000000049e-03
3.900000000000000000e+01 5.416377100000000500e-01 5.677579999999999780e-03
4.000000000000000000e+01 5.466463799999999873e-01 5.679639999999999689e-03
4.100000000000000000e+01 5.516550500000000357e-01 5.681669999999999776e-03
4.200000000000000000e+01 5.566637199999999730e-01 5.683670000000000042e-03
4.300000000000000000e+01 5.616723900000000214e-01 5.685650000000000426e-03
4.400000000000000000e+01 5.666810599999999587e-01 5.687600000000000121e-03
4.500000000000000000e+01 5.716897300000000071e-01 5.689519999999999994e-03
4.600000000000000000e+01 5.766984000000000554e-01 5.691410000000000045e-03
4.700000000000000000e+01 5.817070699999999928e-01 5.693280000000000216e-03
4.800000000000000000e+01 5.867157400000000411e-01 5.695119999999999696e-03
4.900000000000000000e+01 5.917244099999999785e-01 5.696940000000000164e-03
5.000000000000000000e+01 5.967330800000000268e-01 5.698729999999999941e-03
5.100000000000000000e+01 6.017417499999999642e-01 5.700489999999999897e-03
5.200000000000000000e+01 6.067504200000000125e-01 5.702229999999999972e-03
5.300000000000000000e+01 6.117590899999999499e-01 5.703940000000000225e-03
5.400000000000000000e+01 6.167677599999999982e-01 5.705629999999999730e-03
5.500000000000000000e+01 6.217764300000000466e-01 5.707290000000000280e-03
5.600000000000000000e+01 6.267850999999999839e-01 5.708930000000000081e-03
5.700000000000000000e+01 6.317937700000000323e-01 5.710550000000000001e-03
5.800000000000000000e+01 6.368024399999999696e-01 5.712140000000000099e-03
5.900000000000000000e+01 6.418111100000000180e-01 5.713700000000000376e-03
6.000000000000000000e+01 6.468197799999999553e-01 5.715239999999999904e-03
6.100000000000000000e+01 6.518284500000000037e-01 5.716760000000000418e-03
6.200000000000000000e+01 6.568371200000000520e-01 5.718260000000000183e-03
6.300000000000000000e+01 6.618457899999999894e-01 5.719730000000000127e-03
6.400000000000000000e+01 6.668544600000000377e-01 5.721180000000000189e-03
6.500000000000000000e+01 6.718631299999999751e-01 5.722610000000000370e-03
6.600000000000000000e+01 6.768718000000000234e-01 5.724009999999999862e-03
6.700000000000000000e+01 6.818804699999999608e-01 5.725390000000000340e-03
6.800000000000000000e+01 6.868891400000000091e-01 5.726760000000000010e-03
6.900000000000000000e+01 6.918978099999999465e-01 5.728089999999999918e-03
7.000000000000000000e+01 6.969064799999999948e-01 5.729409999999999885e-03
7.100000000000000000e+01 7.019151500000000432e-01 5.730709999999999971e-03
7.200000000000000000e+01 7.069238199999999805e-01 5.731980000000000235e-03
7.300000000000000000e+01 7.119324900000000289e-01 5.733239999999999691e-03
7.400000000000000000e+01 7.169411599999999662e-01 5.734470000000000192e-03
7.500000000000000000e+01 7.219498300000000146e-01 5.735689999999999886e-03
7.600000000000000000e+01 7.269584999999999519e-01 5.736879999999999757e-03
7.700000000000000000e+01 7.319671700000000003e-01 5.738059999999999689e-03
7.800000000000000000e+01 7.369758400000000487e-01 5.739209999999999798e-03
7.900000000000000000e+01 7.419845099999999860e-01 5.740340000000000026e-03
8.000000000000000000e+01 7.469931800000000344e-01 5.741460000000000313e-03
8.100000000000000000e+01 7.520018499999999717e-01 5.742559999999999852e-03
8.200000000000000000e+01 7.570105200000000201e-01 5.743629999999999569e-03
8.300000000000000000e+01 7.620191899999999574e-01 5.744690000000000213e-03
8.400000000000000000e+01 7.670278600000000058e-01 5.745730000000000108e-03
8.500000000000000000e+01 7.720365300000000541e-01 5.746760000000000063e-03
8.600000000000000000e+01 7.770451999999999915e-01 5.747760000000000195e-03
8.700000000000000000e+01 7.820538700000000398e-01 5.748750000000000387e-03
8.800000000000000000e+01 7.870625399999999772e-01 5.749719999999999831e-03
8.900000000000000000e+01 7.920712100000000255e-01 5.750670000000000261e-03
9.000000000000000000e+01 7.970798799999999629e-01 5.751599999999999942e-03
9.100000000000000000e+01 8.020885500000000112e-01 5.752519999999999682e-03
9.200000000000000000e+01 8.070972199999999486e-01 5.753420000000000409e-03
9.300000000000000000e+01 8.121058899999999969e-01 5.754310000000000327e-03
9.400000000000000000e+01 8.171145600000000453e-01 5.755180000000000365e-03
9.500000000000000000e+01 8.221232299999999826e-01 5.756029999999999654e-03
9.600000000000000000e+01 8.271319000000000310e-01 5.756869999999999869e-03
9.700000000000000000e+01 8.321405699999999683e-01 5.757690000000000204e-03
9.800000000000000000e+01 8.371492400000000167e-01 5.758489999999999789e-03
9.900000000000000000e+01 8.421579099999999540e-01 5.759280000000000302e-03
1.000000000000000000e+02 8.471665800000000024e-01 5.760060000000000006e-03
1.010000000000000000e+02 8.521752500000000508e-01 5.760819999999999830e-03
1.020000000000000000e+02 8.571839199999999881e-01 5.761559999999999772e-03
1.030000000000000000e+02 8.621925900000000365e-01 5.762289999999999773e-03
1.040000000000000000e+02 8.672012599999999738e-01 5.763009999999999834e-03
1.050000000000000000e+02 8.722099300000000222e-01 5.763710000000000014e-03
1.060000000000000000e+02 8.772185999999999595e-01 5.764400000000000253e-03
1.070000000000000000e+02 8.822272700000000079e-01 5.765069999999999743e-03
1.080000000000000000e+02 8.872359399999999452e-01 5.765730000000000161e-03
1.090000000000000000e+02 8.922446099999999936e-01 5.766379999999999770e-03
1.100000000000000000e+02 8.972532800000000419e-01 5.767020000000000306e-03
1.110000000000000000e+02 9.022619499999999793e-01 5.767640000000000093e-03
1.120000000000000000e+02 9.072706200000000276e-01 5.768249999999999940e-03
1.130000000000000000e+02 9.122792899999999650e-01 5.768839999999999905e-03
1.140000000000000000e+02 9.172879600000000133e-01 5.769429999999999871e-03
1.150000000000000000e+02 9.222966299999999507e-01 5.769999999999999955e-03
1.160000000000000000e+02 9.273052999999999990e-01 5.770560000000000099e-03
1.170000000000000000e+02 9.323139700000000474e-01 5.771110000000000302e-03
1.180000000000000000e+02 9.373226399999999847e-01 5.771639999999999757e-03
1.190000000000000000e+02 9.423313100000000331e-01 5.772170000000000079e-03
1.200000000000000000e+02 9.473399799999999704e-01 5.772679999999999652e-03
1.210000000000000000e+02 9.523486500000000188e-01 5.773190000000000092e-03
1.220000000000000000e+02 9.573573199999999561e-01 5.773679999999999785e-03
1.230000000000000000e+02 9.623659900000000045e-01 5.774160000000000403e-03
1.240000000000000000e+02 9.673746600000000528e-01 5.774630000000000214e-03
1.250000000000000000e+02 9.723833299999999902e-01 5.775090000000000084e-03
1.260000000000000000e+02 9.773920000000000385e-01 5.775540000000000014e-03
1.270000000000000000e+02 9.824006699999999759e-01 5.775980000000000003e-03
1.280000000000000000e+02 9.874093400000000242e-01 5.776410000000000051e-03
1.290000000000000000e+02 9.924180099999999616e-01 5.776830000000000159e-03
1.300000000000000000e+02 9.974266800000000099e-01 5.777250000000000267e-03
1.310000000000000000e+02 1.002435350000000058e+00 5.777649999999999626e-03
1.320000000000000000e+02 1.007444020000000107e+00 5.778039999999999912e-03
1.330000000000000000e+02 1.012452689999999933e+00 5.778430000000000198e-03
1.340000000000000000e+02 1.017461359999999981e+00 5.778799999999999736e-03
1.350000000000000000e+02 1.022470030000000030e+00 5.779170000000000140e-03
1.360000000000000000e+02 1.027478700000000078e+00 5.779529999999999737e-03
1.370000000000000000e+02 1.032487369999999904e+00 5.779880000000000261e-03
1.380000000000000000e+02 1.037496039999999953e+00 5.780219999999999976e-03
1.390000000000000000e+02 1.042504710000000001e+00 5.780559999999999692e-03
1.400000000000000000e+02 1.047513380000000049e+00 5.780880000000000393e-03
1.410000000000000000e+02 1.052522050000000098e+00 5.781200000000000228e-03
1.420000000000000000e+02 1.057530719999999924e+00 5.781510000000000121e-03
1.430000000000000000e+02 1.062539389999999973e+00 5.781820000000000015e-03
1.440000000000000000e+02 1.067548060000000021e+00 5.782119999999999968e-03
1.450000000000000000e+02 1.072556730000000069e+00 5.782409999999999980e-03
1.460000000000000000e+02 1.077565399999999896e+00 5.782690000000000052e-03
1.470000000000000000e+02 1.082574080000000105e+00 5.782970000000000124e-03
1.480000000000000000e+02 1.087582749999999931e+00 5.783240000000000255e-03
1.490000000000000000e+02 1.092591410000000041e+00 5.783510000000000387e-03
1.500000000000000000e+02 1.097600080000000089e+00 5.783769999999999710e-03
1.510000000000000000e+02 1.102608749999999915e+00 5.784019999999999960e-03
1.520000000000000000e+02 1.107617429999999903e+00 5.784270000000000210e-03
1.530000000000000000e+02 1.112626090000000012e+00 5.784519999999999593e-03
1.540000000000000000e+02 1.117634770000000000e+00 5.784749999999999961e-03
1.550000000000000000e+02 1.122643430000000109e+00 5.784990000000000271e-03
1.560000000000000000e+02 1.127652099999999935e+00 5.785209999999999832e-03
1.570000000000000000e+02 1.132660769999999983e+00 5.785430000000000260e-03
1.580000000000000000e+02 1.137669449999999971e+00 5.785649999999999821e-03
1.590000000000000000e+02 1.142678110000000080e+00 5.785870000000000249e-03
1.600000000000000000e+02 1.147686779999999906e+00 5.786069999999999929e-03
1.610000000000000000e+02 1.152695449999999955e+00 5.786280000000000416e-03
1.620000000000000000e+02 1.157704129999999942e+00 5.786480000000000096e-03
1.630000000000000000e+02 1.162712790000000052e+00 5.786679999999999775e-03
1.640000000000000000e+02 1.167721470000000039e+00 5.786870000000000382e-03
1.650000000000000000e+02 1.172730140000000087e+00 5.787060000000000121e-03
1.660000000000000000e+02 1.177738809999999914e+00 5.787239999999999919e-03
1.670000000000000000e+02 1.182747479999999962e+00 5.787429999999999658e-03
1.680000000000000000e+02 1.187756150000000011e+00 5.787610000000000324e-03
1.690000000000000000e+02 1.192764820000000059e+00 5.787780000000000181e-03
1.700000000000000000e+02 1.197773490000000107e+00 5.787959999999999980e-03
1.710000000000000000e+02 1.202782159999999934e+00 5.788129999999999838e-03
1.720000000000000000e+02 1.207790829999999982e+00 5.788299999999999695e-03
1.730000000000000000e+02 1.212799500000000030e+00 5.788459999999999613e-03
1.740000000000000000e+02 1.217808170000000079e+00 5.788620000000000397e-03
1.750000000000000000e+02 1.222816839999999905e+00 5.788790000000000255e-03
1.760000000000000000e+02 1.227825509999999953e+00 5.788950000000000172e-03
1.770000000000000000e+02 1.232834180000000002e+00 5.789100000000000149e-03
1.780000000000000000e+02 1.237842850000000050e+00 5.789260000000000066e-03
1.790000000000000000e+02 1.242851520000000098e+00 5.789410000000000042e-03
1.800000000000000000e+02 1.247860189999999925e+00 5.789569999999999959e-03
1.810000000000000000e+02 1.252868859999999973e+00 5.789719999999999936e-03
1.820000000000000000e+02 1.257877530000000021e+00 5.789869999999999912e-03
1.830000000000000000e+02 1.262886200000000070e+00 5.790019999999999889e-03
1.840000000000000000e+02 1.267894869999999896e+00 5.790169999999999866e-03
1.850000000000000000e+02 1.272903539999999944e+00 5.790319999999999842e-03
1.860000000000000000e+02 1.277912209999999993e+00 5.790459999999999878e-03
1.870000000000000000e+02 1.282920880000000041e+00 5.790609999999999855e-03
1.880000000000000000e+02 1.287929550000000090e+00 5.790759999999999831e-03
1.890000000000000000e+02 1.292938219999999916e+00 5.790909999999999808e-03
1.900000000000000000e+02 1.297946889999999964e+00 5.791049999999999844e-03
1.910000000000000000e+02 1.302955560000000013e+00 5.791199999999999820e-03
1.920000000000000000e+02 1.307964230000000061e+00 5.791349999999999797e-03
1.930000000000000000e+02 1.312972900000000109e+00 5.791499999999999773e-03
1.940000000000000000e+02 1.317981569999999936e+00 5.791639999999999809e-03
1.950000000000000000e+02 1.322990239999999984e+00 5.791789999999999786e-03
1.960000000000000000e+02 1.327998910000000032e+00 5.791939999999999762e-03
1.970000000000000000e+02 1.333007580000000081e+00 5.792089999999999739e-03
1.980000000000000000e+02 1.338016249999999907e+00 5.792239999999999715e-03
1.990000000000000000e+02 1.343024919999999955e+00 5.792399999999999632e-03
2.000000000000000000e+02 1.348033590000000004e+00 5.792549999999999609e-03
2.010000000000000000e+02 1.353042260000000052e+00 5.792710000000000393e-03
2.020000000000000000e+02 1.358050930000000101e+00 5.792860000000000370e-03
2.030000000000000000e+02 1.363059599999999927e+00 5.793020000000000287e-03
2.040000000000000000e+02 1.368068269999999975e+00 5.793180000000000204e-03
2.050000000000000000e+02 1.373076940000000024e+00 5.793350000000000062e-03
2.060000000000000000e+02 1.378085610000000072e+00 5.793509999999999979e-03
2.070000000000000000e+02 1.383094279999999898e+00 5.793679999999999837e-03
2.080000000000000000e+02 1.388102949999999947e+00 5.793849999999999695e-03
2.090000000000000000e+02 1.393111619999999995e+00 5.794020000000000420e-03
2.100000000000000000e+02 1.398120290000000043e+00 5.794190000000000278e-03
2.110000000000000000e+02 1.403128960000000092e+00 5.794370000000000076e-03
2.120000000000000000e+02 1.408137629999999918e+00 5.794549999999999874e-03
2.130000000000000000e+02 1.413146299999999966e+00 5.794729999999999673e-03
2.140000000000000000e+02 1.418154970000000015e+00 5.794920000000000279e-03
2.150000000000000000e+02 1.423163640000000063e+00 5.795110000000000018e-03
2.160000000000000000e+02 1.428172309999999889e+00 5.795299999999999757e-03
2.170000000000000000e+02 1.433180979999999938e+00 5.795500000000000304e-03
2.180000000000000000e+02 1.438189649999999986e+00 5.795699999999999984e-03
2.190000000000000000e+02 1.443198320000000034e+00 5.795899999999999663e-03
2.200000000000000000e+02 1.448206990000000083e+00 5.796100000000000210e-03
2.210000000000000000e+02 1.453215659999999909e+00 5.796309999999999830e-03
2.220000000000000000e+02 1.458224329999999958e+00 5.796530000000000259e-03
2.230000000000000000e+02 1.463233000000000006e+00 5.796749999999999819e-03
2.240000000000000000e+02 1.468241670000000054e+00 5.796970000000000248e-03
2.250000000000000000e+02 1.473250340000000103e+00 5.797199999999999749e-03
2.260000000000000000e+02 1.478259009999999929e+00 5.797430000000000118e-03
2.270000000000000000e+02 1.483267679999999977e+00 5.797659999999999619e-03
2.280000000000000000e+02 1.488276350000000026e+00 5.797899999999999929e-03
2.290000000000000000e+02 1.493285020000000074e+00 5.798150000000000179e-03
2.300000000000000000e+02 1.498293689999999900e+00 5.798400000000000429e-03
2.310000000000000000e+02 1.503302359999999949e+00 5.798649999999999811e-03
2.320000000000000000e+02 1.508311029999999997e+00 5.798910000000000002e-03
2.330000000000000000e+02 1.513319700000000045e+00 5.799180000000000133e-03
2.340000000000000000e+02 1.518328370000000094e+00 5.799450000000000265e-03
2.350000000000000000e+02 1.523337039999999920e+00 5.799720000000000396e-03
2.360000000000000000e+02 1.528345709999999968e+00 5.800010000000000408e-03
2.370000000000000000e+02 1.533354380000000017e+00 5.800289999999999613e-03
2.380000000000000000e+02 1.538363050000000065e+00 5.800579999999999625e-03
2.390000000000000000e+02 1.543371719999999891e+00 5.800879999999999578e-03
2.400000000000000000e+02 1.548380389999999940e+00 5.801190000000000339e-03
2.410000000000000000e+02 1.553389059999999988e+00 5.801500000000000233e-03
2.420000000000000000e+02 1.558397730000000037e+00 5.801810000000000127e-03
2.430000000000000000e+02 1.563406400000000085e+00 5.802129999999999961e-03
2.440000000000000000e+02 1.568415069999999911e+00 5.802459999999999736e-03
2.450000000000000000e+02 1.573423739999999960e+00 5.802800000000000319e-03
2.460000000000000000e+02 1.578432410000000008e+00 5.803140000000000034e-03
2.470000000000000000e+02 1.583441080000000056e+00 5.803489999999999691e-03
2.480000000000000000e+02 1.588449750000000105e+00 5.803840000000000214e-03
2.490000000000000000e+02 1.593458419999999931e+00 5.804199999999999811e-03
2.500000000000000000e+02 1.598467089999999979e+00 5.804570000000000216e-03
2.510000000000000000e+02 1.603475760000000028e+00 5.804939999999999753e-03
2.520000000000000000e+02 1.608484430000000076e+00 5.805320000000000098e-03
2.530000000000000000e+02 1.613493099999999902e+00 5.805710000000000384e-03
2.540000000000000000e+02 1.618501769999999951e+00 5.806109999999999743e-03
2.550000000000000000e+02 1.623510439999999999e+00 5.806509999999999970e-03
2.560000000000000000e+02 1.628519110000000047e+00 5.806920000000000137e-03
2.570000000000000000e+02 1.633527780000000096e+00 5.807340000000000245e-03
2.580000000000000000e+02 1.638536449999999922e+00 5.807770000000000293e-03
2.590000000000000000e+02 1.643545119999999971e+00 5.808200000000000342e-03
2.600000000000000000e+02 1.648553790000000019e+00 5.808640000000000331e-03
2.610000000000000000e+02 1.653562460000000067e+00 5.809090000000000260e-03
2.620000000000000000e+02 1.658571129999999894e+00 5.809550000000000131e-03
2.630000000000000000e+02 1.663579799999999942e+00 5.810010000000000001e-03
2.640000000000000000e+02 1.668588469999999990e+00 5.810479999999999812e-03
2.650000000000000000e+02 1.673597140000000039e+00 5.810960000000000431e-03
2.660000000000000000e+02 1.678605810000000087e+00 5.811450000000000123e-03
2.670000000000000000e+02 1.683614479999999913e+00 5.811949999999999755e-03
2.680000000000000000e+02 1.688623149999999962e+00 5.812460000000000196e-03
2.690000000000000000e+02 1.693631820000000010e+00 5.812969999999999769e-03
2.700000000000000000e+02 1.698640490000000058e+00 5.813490000000000150e-03
2.710000000000000000e+02 1.703649160000000107e+00 5.814019999999999605e-03
2.720000000000000000e+02 1.708657829999999933e+00 5.814559999999999867e-03
2.730000000000000000e+02 1.713666499999999981e+00 5.815110000000000071e-03
2.740000000000000000e+02 1.718675170000000030e+00 5.815670000000000214e-03
2.750000000000000000e+02 1.723683840000000078e+00 5.816230000000000358e-03
2.760000000000000000e+02 1.728692509999999904e+00 5.816810000000000383e-03
2.770000000000000000e+02 1.733701179999999953e+00 5.817390000000000408e-03
2.780000000000000000e+02 1.738709850000000001e+00 5.817990000000000314e-03
2.790000000000000000e+02 1.743718520000000050e+00 5.818590000000000220e-03
2.800000000000000000e+02 1.748727190000000098e+00 5.819200000000000067e-03
2.810000000000000000e+02 1.753735859999999924e+00 5.819819999999999854e-03
2.820000000000000000e+02 1.758744529999999973e+00 5.820449999999999582e-03
2.830000000000000000e+02 1.763753200000000021e+00 5.821090000000000118e-03
2.840000000000000000e+02 1.768761870000000069e+00 5.821739999999999728e-03
2.850000000000000000e+02 1.773770539999999896e+00 5.822400000000000145e-03
2.860000000000000000e+02 1.778779209999999944e+00 5.823069999999999635e-03
2.870000000000000000e+02 1.783787879999999992e+00 5.823739999999999993e-03
2.880000000000000000e+02 1.788796550000000041e+00 5.824430000000000232e-03
2.890000000000000000e+02 1.793805220000000089e+00 5.825130000000000412e-03
2.900000000000000000e+02 1.798813889999999915e+00 5.825839999999999665e-03
2.910000000000000000e+02 1.803822559999999964e+00 5.826559999999999725e-03
2.920000000000000000e+02 1.808831230000000012e+00 5.827279999999999786e-03
2.930000000000000000e+02 1.813839900000000060e+00 5.828019999999999728e-03
2.940000000000000000e+02 1.818848570000000109e+00 5.828769999999999611e-03
2.950000000000000000e+02 1.823857239999999935e+00 5.829530000000000302e-03
2.960000000000000000e+02 1.828865909999999984e+00 5.830300000000000066e-03
2.970000000000000000e+02 1.833874580000000032e+00 5.831079999999999770e-03
2.980000000000000000e+02 1.838883250000000080e+00 5.831860000000000342e-03
2.990000000000000000e+02 1.843891919999999907e+00 5.832659999999999928e-03
3.000000000000000000e+02 1.848900589999999955e+00 5.833470000000000322e-03
3.010000000000000000e+02 1.853909260000000003e+00 5.834299999999999729e-03
3.020000000000000000e+02 1.858917930000000052e+00 5.835130000000000004e-03
3.030000000000000000e+02 1.863926600000000100e+00 5.835970000000000220e-03
3.040000000000000000e+02 1.868935269999999926e+00 5.836820000000000376e-03
3.050000000000000000e+02 1.873943939999999975e+00 5.837690000000000413e-03
3.060000000000000000e+02 1.878952610000000023e+00 5.838559999999999583e-03
3.070000000000000000e+02 1.883961280000000071e+00 5.839440000000000429e-03
3.080000000000000000e+02 1.888969949999999898e+00 5.840340000000000288e-03
3.090000000000000000e+02 1.893978619999999946e+00 5.841250000000000088e-03
3.100000000000000000e+02 1.898987289999999994e+00 5.842169999999999828e-03
3.110000000000000000e+02 1.903995960000000043e+00 5.843100000000000377e-03
3.120000000000000000e+02 1.909004630000000091e+00 5.844039999999999999e-03
3.130000000000000000e+02 1.914013299999999917e+00 5.844990000000000428e-03
3.140000000000000000e+02 1.919021979999999905e+00 5.845949999999999931e-03
3.150000000000000000e+02 1.924030640000000014e+00 5.846920000000000242e-03
3.160000000000000000e+02 1.929039320000000002e+00 5.847909999999999567e-03
3.170000000000000000e+02 1.934047980000000111e+00 5.848909999999999700e-03
3.180000000000000000e+02 1.939056649999999937e+00 5.849919999999999773e-03
3.190000000000000000e+02 1.944065329999999925e+00 5.850929999999999846e-03
3.200000000000000000e+02 1.949073999999999973e+00 5.851969999999999741e-03
3.210000000000000000e+02 1.954082660000000082e+00 5.853009999999999637e-03
3.220000000000000000e+02 1.959091329999999909e+00 5.854060000000000340e-03
3.230000000000000000e+02 1.964100009999999896e+00 5.855130000000000057e-03
3.240000000000000000e+02 1.969108679999999945e+00 5.856209999999999714e-03
3.250000000000000000e+02 1.974117340000000054e+00 5.857290000000000239e-03
3.260000000000000000e+02 1.979126010000000102e+00 5.858399999999999719e-03
3.270000000000000000e+02 1.984134679999999928e+00 5.859510000000000066e-03
3.280000000000000000e+02 1.989143359999999916e+00 5.860630000000000353e-03
3.290000000000000000e+02 1.994152020000000025e+00 5.861769999999999654e-03
3.300000000000000000e+02 1.999160690000000073e+00 5.862919999999999764e-03
3.310000000000000000e+02 2.004169370000000061e+00 5.864079999999999813e-03
3.320000000000000000e+02 2.009178040000000109e+00 5.865249999999999804e-03
3.330000000000000000e+02 2.014186710000000158e+00 5.866429999999999735e-03
3.340000000000000000e+02 2.019195380000000206e+00 5.867630000000000415e-03
3.350000000000000000e+02 2.024204049999999810e+00 5.868840000000000168e-03
3.360000000000000000e+02 2.029212719999999859e+00 5.870049999999999921e-03
3.370000000000000000e+02 2.034221389999999907e+00 5.871290000000000363e-03
3.380000000000000000e+02 2.039230059999999956e+00 5.872529999999999938e-03
3.390000000000000000e+02 2.044238730000000004e+00 5.873790000000000261e-03
3.400000000000000000e+02 2.049247400000000052e+00 5.875059999999999658e-03
3.410000000000000000e+02 2.054256070000000101e+00 5.876339999999999862e-03
3.420000000000000000e+02 2.059264740000000149e+00 5.877630000000000007e-03
3.430000000000000000e+02 2.064273410000000197e+00 5.878930000000000093e-03
3.440000000000000000e+02 2.069282079999999802e+00 5.880250000000000060e-03
3.450000000000000000e+02 2.074290749999999850e+00 5.881579999999999968e-03
3.460000000000000000e+02 2.079299419999999898e+00 5.882919999999999816e-03
3.470000000000000000e+02 2.084308089999999947e+00 5.884280000000000413e-03
3.480000000000000000e+02 2.089316759999999995e+00 5.885640000000000142e-03
3.490000000000000000e+02 2.094325430000000043e+00 5.887019999999999753e-03
3.500000000000000000e+02 2.099334100000000092e+00 5.888410000000000172e-03
3.510000000000000000e+02 2.104342770000000140e+00 5.889819999999999604e-03
3.520000000000000000e+02 2.109351440000000188e+00 5.891229999999999904e-03
3.530000000000000000e+02 2.114360109999999793e+00 5.892660000000000085e-03
3.540000000000000000e+02 2.119368779999999841e+00 5.894100000000000207e-03
3.550000000000000000e+02 2.124377449999999889e+00 5.895560000000000210e-03
3.560000000000000000e+02 2.129386119999999938e+00 5.897020000000000213e-03
3.570000000000000000e+02 2.134394789999999986e+00 5.898500000000000097e-03
3.580000000000000000e+02 2.139403460000000035e+00 5.899989999999999922e-03
3.590000000000000000e+02 2.144412130000000083e+00 5.901489999999999687e-03
3.600000000000000000e+02 2.149420800000000131e+00 5.903010000000000201e-03
3.610000000000000000e+02 2.154429470000000180e+00 5.904539999999999789e-03
3.620000000000000000e+02 2.159438139999999784e+00 5.906080000000000184e-03
3.630000000000000000e+02 2.164446809999999832e+00 5.907629999999999652e-03
3.640000000000000000e+02 2.169455479999999881e+00 5.909199999999999869e-03
3.650000000000000000e+02 2.174464149999999929e+00 5.910780000000000027e-03
3.660000000000000000e+02 2.179472819999999977e+00 5.912370000000000125e-03
3.670000000000000000e+02 2.184481490000000026e+00 5.913980000000000105e-03
3.680000000000000000e+02 2.189490160000000074e+00 5.915590000000000084e-03
3.690000000000000000e+02 2.194498830000000122e+00 5.917219999999999945e-03
3.700000000000000000e+02 2.199507500000000171e+00 5.918859999999999746e-03
3.710000000000000000e+02 2.204516170000000219e+00 5.920520000000000296e-03
3.720000000000000000e+02 2.209524839999999823e+00 5.922189999999999920e-03
3.730000000000000000e+02 2.214533509999999872e+00 5.923870000000000351e-03
3.740000000000000000e+02 2.219542179999999920e+00 5.925559999999999855e-03
3.750000000000000000e+02 2.224550849999999969e+00 5.927270000000000108e-03
3.760000000000000000e+02 2.229559520000000017e+00 5.928980000000000361e-03
3.770000000000000000e+02 2.234568190000000065e+00 5.930709999999999628e-03
3.780000000000000000e+02 2.239576860000000114e+00 5.932459999999999643e-03
3.790000000000000000e+02 2.244585530000000162e+00 5.934209999999999659e-03
3.800000000000000000e+02 2.249594200000000210e+00 5.935980000000000423e-03
3.810000000000000000e+02 2.254602869999999815e+00 5.937760000000000260e-03
3.820000000000000000e+02 2.259611539999999863e+00 5.939559999999999979e-03
3.830000000000000000e+02 2.264620209999999911e+00 5.941369999999999638e-03
3.840000000000000000e+02 2.269628879999999960e+00 5.943190000000000105e-03
3.850000000000000000e+02 2.274637550000000008e+00 5.945019999999999645e-03
3.860000000000000000e+02 2.279646220000000056e+00 5.946859999999999993e-03
3.870000000000000000e+02 2.284654890000000105e+00 5.948720000000000223e-03
3.880000000000000000e+02 2.289663560000000153e+00 5.950590000000000393e-03
3.890000000000000000e+02 2.294672230000000201e+00 5.952469999999999636e-03
3.900000000000000000e+02 2.299680899999999806e+00 5.954369999999999628e-03
3.910000000000000000e+02 2.304689569999999854e+00 5.956280000000000428e-03
3.920000000000000000e+02 2.309698239999999902e+00 5.958200000000000301e-03
3.930000000000000000e+02 2.314706909999999951e+00 5.960130000000000115e-03
3.940000000000000000e+02 2.319715579999999999e+00 5.962069999999999870e-03
3.950000000000000000e+02 2.324724250000000048e+00 5.964030000000000373e-03
3.960000000000000000e+02 2.329732920000000096e+00 5.965999999999999949e-03
3.970000000000000000e+02 2.334741590000000144e+00 5.967990000000000274e-03
3.980000000000000000e+02 2.339750260000000193e+00 5.969979999999999731e-03
3.990000000000000000e+02 2.344758929999999797e+00 5.971989999999999937e-03
4.000000000000000000e+02 2.349767599999999845e+00 5.974010000000000084e-03
4.010000000000000000e+02 2.354776269999999894e+00 5.976040000000000171e-03
4.020000000000000000e+02 2.359784939999999942e+00 5.978090000000000140e-03
4.030000000000000000e+02 2.364793609999999990e+00 5.980150000000000049e-03
4.040000000000000000e+02 2.369802280000000039e+00 5.982219999999999899e-03
4.050000000000000000e+02 2.374810950000000087e+00 5.984299999999999689e-03
4.060000000000000000e+02 2.379819620000000135e+00 5.986390000000000287e-03
4.070000000000000000e+02 2.384828290000000184e+00 5.988499999999999900e-03
4.080000000000000000e+02 2.389836959999999788e+00 5.990620000000000320e-03
4.090000000000000000e+02 2.394845629999999836e+00 5.992749999999999813e-03
4.100000000000000000e+02 2.399854299999999885e+00 5.994900000000000055e-03
4.110000000000000000e+02 2.404862969999999933e+00 5.997060000000000238e-03
4.120000000000000000e+02 2.409871639999999982e+00 5.999220000000000420e-03
4.130000000000000000e+02 2.414880310000000030e+00 6.001410000000000425e-03
4.140000000000000000e+02 2.419888980000000078e+00 6.003600000000000429e-03
4.150000000000000000e+02 2.424897650000000127e+00 6.005800000000000374e-03
4.160000000000000000e+02 2.429906320000000175e+00 6.008020000000000201e-03
4.170000000000000000e+02 2.434914989999999779e+00 6.010249999999999967e-03
4.180000000000000000e+02 2.439923659999999828e+00 6.012489999999999675e-03
4.190000000000000000e+02 2.444932329999999876e+00 6.014750000000000131e-03
4.200000000000000000e+02 2.449940999999999924e+00 6.017009999999999720e-03
4.210000000000000000e+02 2.454949669999999973e+00 6.019290000000000057e-03
4.220000000000000000e+02 2.459958340000000021e+00 6.021580000000000335e-03
4.230000000000000000e+02 2.464967010000000069e+00 6.023879999999999686e-03
4.240000000000000000e+02 2.469975680000000118e+00 6.026189999999999845e-03
4.250000000000000000e+02 2.474984350000000166e+00 6.028519999999999886e-03
4.260000000000000000e+02 2.479993020000000215e+00 6.030859999999999867e-03
4.270000000000000000e+02 2.485001689999999819e+00 6.033209999999999788e-03
4.280000000000000000e+02 2.490010359999999867e+00 6.035569999999999651e-03
4.290000000000000000e+02 2.495019029999999916e+00 6.037940000000000321e-03
4.300000000000000000e+02 2.500027699999999964e+00 6.040320000000000064e-03
4.310000000000000000e+02 2.505036370000000012e+00 6.042719999999999689e-03
