376.860000   0.007179
381.870000   0.015216
386.880000   0.012427
391.890000   0.012857
396.890000   0.012732
401.900000   0.009256
406.910000   0.010677
411.920000   0.016062
416.930000   0.016367
421.940000   0.017482
426.950000   0.018836
431.960000   0.021104
436.960000   0.022930
441.970000   0.024267
446.980000   0.025017
451.990000   0.025266
457.000000   0.026115
462.010000   0.026403
467.020000   0.026301
472.020000   0.026982
477.030000   0.028306
482.040000   0.030162
487.050000   0.030627
492.060000   0.030418
497.070000   0.031510
502.080000   0.033736
507.090000   0.035256
512.090000   0.038896
517.100000   0.044037
522.110000   0.048288
527.120000   0.055373
532.130000   0.061869
537.140000   0.066940
542.150000   0.069785
547.150000   0.070882
552.160000   0.072500
557.170000   0.073941
562.180000   0.071674
567.190000   0.068284
572.200000   0.065417
577.210000   0.061461
582.220000   0.059370
587.220000   0.058298
592.230000   0.057722
597.240000   0.056780
602.250000   0.056408
607.260000   0.056028
612.270000   0.054444
617.280000   0.053105
622.280000   0.052061
627.290000   0.052082
632.300000   0.051622
637.310000   0.051196
642.320000   0.050203
647.330000   0.048978
652.340000   0.047133
657.350000   0.045497
662.350000   0.043975
667.360000   0.042394
672.370000   0.041825
677.380000   0.040625
682.390000   0.041741
687.400000   0.046053
692.410000   0.054901
697.410000   0.071745
702.420000   0.095792
707.430000   0.123536
712.440000   0.154163
717.450000   0.186971
722.460000   0.229005
727.470000   0.270081
732.480000   0.311017
737.480000   0.347163
742.490000   0.374831
747.500000   0.396678
752.510000   0.409687
757.520000   0.420987
762.530000   0.423093
767.540000   0.430806
772.540000   0.439904
777.550000   0.445239
782.560000   0.448686
787.570000   0.451669
792.580000   0.453926
797.590000   0.456478
802.600000   0.458130
807.610000   0.461115
812.610000   0.460433
817.620000   0.460685
822.630000   0.464481
827.640000   0.467606
832.650000   0.471225
837.660000   0.478413
842.670000   0.485377
847.670000   0.488646
852.680000   0.491243
857.690000   0.492043
862.700000   0.497890
867.710000   0.501442
872.720000   0.500348
877.730000   0.503815
882.740000   0.506420
887.740000   0.507076
892.750000   0.506518
897.760000   0.501976
902.770000   0.503985
907.780000   0.505950
912.790000   0.502860
917.800000   0.501934
922.810000   0.507630
927.810000   0.504814
932.820000   0.496158
937.830000   0.492324
942.840000   0.493032
947.850000   0.484710
952.860000   0.477414
957.870000   0.479494
962.870000   0.482363
967.880000   0.488883
972.890000   0.494327
977.900000   0.496893
982.910000   0.494735
987.920000   0.500532
992.930000   0.509929
997.940000   0.522115
1002.940000   0.522421
1007.950000   0.524135
1012.960000   0.528962
1017.970000   0.531345
1022.980000   0.535893
1027.990000   0.540222
1033.000000   0.537812
1038.000000   0.540929
1043.010000   0.543092
1048.020000   0.544612
1053.030000   0.546719
1058.040000   0.548042
1063.050000   0.549879
1068.060000   0.551263
1073.070000   0.551288
1078.070000   0.552135
1083.080000   0.551291
1088.090000   0.551827
1093.100000   0.551063
1098.110000   0.546995
1103.120000   0.545225
1108.130000   0.539909
1113.130000   0.523400
1118.140000   0.489157
1123.150000   0.454812
1128.160000   0.463103
1133.170000   0.478551
1138.180000   0.470215
1143.190000   0.456153
1148.200000   0.431764
1153.200000   0.429952
1158.210000   0.443789
1163.220000   0.456217
1168.230000   0.465452
1173.240000   0.470224
1178.250000   0.470445
1183.260000   0.466988
1188.260000   0.468272
1193.270000   0.472894
1198.280000   0.472288
1203.290000   0.473038
1208.300000   0.475761
1213.310000   0.480055
1218.320000   0.485059
1223.330000   0.490155
1228.330000   0.494124
1233.340000   0.498196
1238.350000   0.502779
1243.360000   0.504431
1248.370000   0.507122
1253.380000   0.509292
1258.390000   0.508329
1263.390000   0.505622
1268.400000   0.506750
1273.410000   0.509303
1278.420000   0.509766
1283.430000   0.508658
1288.440000   0.507596
1293.450000   0.504271
1298.460000   0.498514
1303.460000   0.486582
1308.470000   0.477559
1313.480000   0.465844
1318.490000   0.454864
1323.500000   0.442825
1328.510000   0.428115
1333.520000   0.413959
1338.520000   0.404405
1343.530000   0.395296
1348.540000   0.381073
1353.550000   0.351747
1358.560000   0.325187
1363.570000   0.309489
1368.580000   0.293818
1373.590000   0.282792
1378.590000   0.263945
1383.600000   0.265275
1388.610000   0.274593
1393.620000   0.275095
1398.630000   0.275787
1403.640000   0.281956
1408.650000   0.284837
1413.650000   0.278143
1418.660000   0.226249
1423.670000   0.167140
1428.680000   0.148097
1433.690000   0.133926
1438.700000   0.128762
1443.710000   0.115236
1448.720000   0.111222
1453.720000   0.112276
1458.730000   0.114419
1463.740000   0.112267
1468.750000   0.106576
1473.760000   0.111965
1478.770000   0.112081
1483.780000   0.121299
1488.780000   0.130180
1493.790000   0.141171
1498.800000   0.150741
1503.810000   0.154223
1508.820000   0.164600
1513.830000   0.173695
1518.840000   0.181642
1523.850000   0.188199
1528.850000   0.195966
1533.860000   0.204928
1538.870000   0.209264
1543.880000   0.219364
1548.890000   0.222364
1553.900000   0.229740
1558.910000   0.234559
1563.910000   0.237144
1568.920000   0.245101
1573.930000   0.245093
1578.940000   0.247938
1583.950000   0.255481
1588.960000   0.261320
1593.970000   0.264754
1598.980000   0.269370
1603.980000   0.275849
1608.990000   0.283562
1614.000000   0.285424
1619.010000   0.284177
1624.020000   0.289866
1629.030000   0.295016
1634.040000   0.297255
1639.040000   0.299414
1644.050000   0.301769
1649.060000   0.301927
1654.070000   0.303335
1659.080000   0.307418
1664.090000   0.305743
1669.100000   0.305126
1674.110000   0.306713
1679.110000   0.307780
1684.120000   0.304927
1689.130000   0.300622
1694.140000   0.297418
1699.150000   0.294378
1704.160000   0.294278
1709.170000   0.289946
1714.170000   0.288265
1719.180000   0.285162
1724.190000   0.278537
1729.200000   0.276056
1734.210000   0.274183
1739.220000   0.276699
1744.230000   0.267964
1749.240000   0.264865
1754.240000   0.260295
1759.250000   0.256187
1764.260000   0.250723
1769.270000   0.246765
1774.280000   0.238517
1779.290000   0.235819
1784.300000   0.249230
1789.300000   0.251597
1794.310000   0.257005
1799.320000   0.242131
1804.330000   0.236097
1809.340000   0.326377
1814.350000   0.356949
1819.360000   0.527858
1824.370000   0.934968
1829.370000   1.340267
1834.380000   1.746937
1839.390000   2.153994
1844.400000   2.560506
1849.410000   2.967422
1854.420000   3.374409
1859.430000   3.780995
1864.440000   4.187421
1869.440000   4.593189
1874.450000   4.999795
1879.460000   5.406621
1884.470000   5.813785
1889.480000   6.220321
1894.490000   6.627122
1899.500000   7.040302
1904.500000   6.489956
1909.510000   4.560175
1914.520000   2.118499
1919.530000   1.224232
1924.540000   0.520725
1929.550000   0.304693
1934.560000   0.117070
1939.570000   0.059846
1944.570000   0.053762
1949.580000   0.050116
1954.590000   0.051377
1959.600000   0.049349
1964.610000   0.047900
1969.620000   0.046429
1974.630000   0.047501
1979.630000   0.050171
1984.640000   0.052275
1989.650000   0.054062
1994.660000   0.054205
1999.670000   0.057891
2004.680000   0.068632
2009.690000   0.066843
2014.700000   0.069601
2019.700000   0.071406
2024.710000   0.073186
2029.720000   0.074935
2034.730000   0.077684
2039.740000   0.079661
2044.750000   0.081913
2049.760000   0.084273
2054.760000   0.087499
2059.770000   0.087966
2064.780000   0.089723
2069.790000   0.092316
2074.800000   0.094940
2079.810000   0.096991
2084.820000   0.099369
2089.830000   0.101099
2094.830000   0.102701
2099.840000   0.105602
2104.850000   0.106448
2109.860000   0.107931
2114.870000   0.110447
2119.880000   0.112727
2124.890000   0.115505
2129.890000   0.117787
2134.900000   0.119161
2139.910000   0.121195
2144.920000   0.121609
2149.930000   0.122767
2154.940000   0.124534
2159.950000   0.125041
2164.960000   0.126314
2169.960000   0.127842
2174.970000   0.129613
2179.980000   0.129801
2184.990000   0.130708
2190.000000   0.132762
2195.010000   0.134125
2200.020000   0.133999
2205.020000   0.134801
2210.030000   0.136360
2215.040000   0.137631
2220.050000   0.137444
2225.060000   0.136530
2230.070000   0.135228
2235.080000   0.132624
2240.090000   0.129001
2245.090000   0.125976
2250.100000   0.122745
2255.110000   0.119831
2260.120000   0.116423
2265.130000   0.112946
2270.140000   0.110861
2275.150000   0.109203
2280.150000   0.106317
2285.160000   0.104779
2290.170000   0.102538
2295.180000   0.098979
2300.190000   0.096582
2305.200000   0.094077
2310.210000   0.092259
2315.220000   0.089214
2320.220000   0.087590
2325.230000   0.087226
2330.240000   0.085499
2335.250000   0.083329
2340.260000   0.080328
2345.270000   0.077807
2350.280000   0.074887
2355.280000   0.075670
2360.290000   0.075536
2365.300000   0.073088
2370.310000   0.072165
2375.320000   0.069914
2380.330000   0.066812
2385.340000   0.065257
2390.350000   0.065465
2395.350000   0.064866
2400.360000   0.062822
2405.370000   0.061208
2410.380000   0.058318
2415.390000   0.056350
2420.400000   0.055337
2425.410000   0.054626
2430.410000   0.053830
2435.420000   0.054555
2440.430000   0.048675
2445.440000   0.050534
2450.450000   0.054197
2455.460000   0.055942
2460.470000   0.057665
2465.480000   0.059369
2470.480000   0.061054
2475.490000   0.062730
2480.500000   0.064394
2485.510000   0.066049
2490.520000   0.067696
2495.530000   0.069335
2500.540000   0.070967
