  0.007179
  0.015216
  0.012427
  0.012857
  0.012732
  0.009256
  0.010677
  0.016062
  0.016367
  0.017482
  0.018836
  0.021104
  0.022930
  0.024267
  0.025017
  0.025266
  0.026115
  0.026403
  0.026301
  0.026982
  0.028306
  0.030162
  0.030627
  0.030418
  0.031510
  0.033736
  0.035256
  0.038896
  0.044037
  0.048288
  0.055373
  0.061869
  0.066940
  0.069785
  0.070882
  0.072500
  0.073941
  0.071674
  0.068284
  0.065417
  0.061461
  0.059370
  0.058298
  0.057722
  0.056780
  0.056408
  0.056028
  0.054444
  0.053105
  0.052061
  0.052082
  0.051622
  0.051196
  0.050203
  0.048978
  0.047133
  0.045497
  0.043975
  0.042394
  0.041825
  0.040625
  0.041741
  0.046053
  0.054901
  0.071745
  0.095792
  0.123536
  0.154163
  0.186971
  0.229005
  0.270081
  0.311017
  0.347163
  0.374831
  0.396678
  0.409687
  0.420987
  0.423093
  0.430806
  0.439904
  0.445239
  0.448686
  0.451669
  0.453926
  0.456478
  0.458130
  0.461115
  0.460433
  0.460685
  0.464481
  0.467606
  0.471225
  0.478413
  0.485377
  0.488646
  0.491243
  0.492043
  0.497890
  0.501442
  0.500348
  0.503815
  0.506420
  0.507076
  0.506518
  0.501976
  0.503985
  0.505950
  0.502860
  0.501934
  0.507630
  0.504814
  0.496158
  0.492324
  0.493032
  0.484710
  0.477414
  0.479494
  0.482363
  0.488883
  0.494327
  0.496893
  0.494735
  0.500532
  0.509929
  0.522115
  0.522421
  0.524135
  0.528962
  0.531345
  0.535893
  0.540222
  0.537812
  0.540929
  0.543092
  0.544612
  0.546719
  0.548042
  0.549879
  0.551263
  0.551288
  0.552135
  0.551291
  0.551827
  0.551063
  0.546995
  0.545225
  0.539909
  0.523400
  0.489157
  0.454812
  0.463103
  0.478551
  0.470215
  0.456153
  0.431764
  0.429952
  0.443789
  0.456217
  0.465452
  0.470224
  0.470445
  0.466988
  0.468272
  0.472894
  0.472288
  0.473038
  0.475761
  0.480055
  0.485059
  0.490155
  0.494124
  0.498196
  0.502779
  0.504431
  0.507122
  0.509292
  0.508329
  0.505622
  0.506750
  0.509303
  0.509766
  0.508658
  0.507596
  0.504271
  0.498514
  0.486582
  0.477559
  0.465844
  0.454864
  0.442825
  0.428115
  0.413959
  0.404405
  0.395296
  0.381073
  0.351747
  0.325187
  0.309489
  0.293818
  0.282792
  0.263945
  0.265275
  0.274593
  0.275095
  0.275787
  0.281956
  0.284837
  0.278143
  0.226249
  0.167140
  0.148097
  0.133926
  0.128762
  0.115236
  0.111222
  0.112276
  0.114419
  0.112267
  0.106576
  0.111965
  0.112081
  0.121299
  0.130180
  0.141171
  0.150741
  0.154223
  0.164600
  0.173695
  0.181642
  0.188199
  0.195966
  0.204928
  0.209264
  0.219364
  0.222364
  0.229740
  0.234559
  0.237144
  0.245101
  0.245093
  0.247938
  0.255481
  0.261320
  0.264754
  0.269370
  0.275849
  0.283562
  0.285424
  0.284177
  0.289866
  0.295016
  0.297255
  0.299414
  0.301769
  0.301927
  0.303335
  0.307418
  0.305743
  0.305126
  0.306713
  0.307780
  0.304927
  0.300622
  0.297418
  0.294378
  0.294278
  0.289946
  0.288265
  0.285162
  0.278537
  0.276056
  0.274183
  0.276699
  0.267964
  0.264865
  0.260295
  0.256187
  0.250723
  0.246765
  0.238517
  0.235819
  0.249230
  0.251597
  0.257005
  0.242131
  0.236097
  0.326377
  0.356949
  0.527858
  0.934968
  1.340267
  1.746937
  2.153994
  2.560506
  2.967422
  3.374409
  3.780995
  4.187421
  4.593189
  4.999795
  5.406621
  5.813785
  6.220321
  6.627122
  7.040302
  6.489956
  4.560175
  2.118499
  1.224232
  0.520725
  0.304693
  0.117070
  0.059846
  0.053762
  0.050116
  0.051377
  0.049349
  0.047900
  0.046429
  0.047501
  0.050171
  0.052275
  0.054062
  0.054205
  0.057891
  0.068632
  0.066843
  0.069601
  0.071406
  0.073186
  0.074935
  0.077684
  0.079661
  0.081913
  0.084273
  0.087499
  0.087966
  0.089723
  0.092316
  0.094940
  0.096991
  0.099369
  0.101099
  0.102701
  0.105602
  0.106448
  0.107931
  0.110447
  0.112727
  0.115505
  0.117787
  0.119161
  0.121195
  0.121609
  0.122767
  0.124534
  0.125041
  0.126314
  0.127842
  0.129613
  0.129801
  0.130708
  0.132762
  0.134125
  0.133999
  0.134801
  0.136360
  0.137631
  0.137444
  0.136530
  0.135228
  0.132624
  0.129001
  0.125976
  0.122745
  0.119831
  0.116423
  0.112946
  0.110861
  0.109203
  0.106317
  0.104779
  0.102538
  0.098979
  0.096582
  0.094077
  0.092259
  0.089214
  0.087590
  0.087226
  0.085499
  0.083329
  0.080328
  0.077807
  0.074887
  0.075670
  0.075536
  0.073088
  0.072165
  0.069914
  0.066812
  0.065257
  0.065465
  0.064866
  0.062822
  0.061208
  0.058318
  0.056350
  0.055337
  0.054626
  0.053830
  0.054555
  0.048675
  0.050534
  0.054197
  0.055942
  0.057665
  0.059369
  0.061054
  0.062730
  0.064394
  0.066049
  0.067696
  0.069335
  0.070967
  0.099719
  1.944662
